    Year (Census)
    Proportion of populations extant, SE
    Proportion of populations going extinct for the first time in year, SE
    Deterministic growth, Stochastic growth, SE, SD
    Mean population size (across extant populations), SE, SD
    Mean population size (across all populations), SE, SD
    Mean gene diversity (expected heterozygosity), SE, SD
    Mean inbreeding coefficient, SE, SD
    Mean number of alleles, SE, SD
    Mean number of lethal alleles, SE, SD
    Mean time to extinction, SE, SD
    Median time to extinction
Year;PExtant;SE(PExtant);PExtinct;SE(PExtinct);det-r;stoch-r;SE(r);SD(r);N-extant;SE(N-extant);SD(N-extant);N-all;SE(N-all);SD(N-all);GeneDiv;SE(GD);SD(GD);Inbreed;SE(Inbr);SD(Inbr);nAlleles;SE(nAlleles);SD(nAlleles);nLethals;SE(nLethals);SD(nLethals);TE;SE(TE);SD(TE);medianTE
Supplement (1F with 3JF, 3JM) and harvest (2JF, 2JM)
Population 1: MFWS
0; 1.0000; 0.0000; 0.0000; 0.0000; 0.5063;      0;      0;      0; 47.00; 0.00; 0.00; 47.00; 0.00; 0.00; 0.9894; 0.0000; 0.0000; 0.0000; 0.0000; 0.0000; 94.00; 0.00; 0.00; 0.00; 0.00; 0.00; 0.00; 0.00; 0.00; 0
1; 1.0000; 0.0000; 0.0000; 0.0000; 0.5063;      0;      0;      0; 84.17; 0.74; 23.29; 84.17; 0.74; 23.29; 0.9857; 0.0000; 0.0012; 0.0000; 0.0000; 0.0000; 90.00; 0.00; 0.00; 0.00; 0.00; 0.00; 0.00; 0.00; 0.00; 0
2; 1.0000; 0.0000; 0.0000; 0.0000; 0.5063; 0.6295; 0.0082; 0.2594; 91.17; 0.74; 23.29; 91.17; 0.74; 23.29; 0.9874; 0.0000; 0.0012; 0.0000; 0.0000; 0.0000; 104.00; 0.00; 0.00; 0.00; 0.00; 0.00; 0.00; 0.00; 0.00; 0
3; 1.0000; 0.0000; 0.0000; 0.0000; 0.5063;      0;      0;      0; 87.17; 0.74; 23.29; 87.17; 0.74; 23.29; 0.9873; 0.0000; 0.0011; 0.0000; 0.0000; 0.0000; 102.25; 0.07; 2.27; 0.00; 0.00; 0.00; 0.00; 0.00; 0.00; 0
4; 1.0000; 0.0000; 0.0000; 0.0000; 0.5063;      0;      0;      0; 82.43; 0.82; 25.90; 82.43; 0.82; 25.90; 0.9865; 0.0000; 0.0009; 0.0000; 0.0000; 0.0000; 95.91; 0.24; 7.52; 0.00; 0.00; 0.00; 0.00; 0.00; 0.00; 0
5; 1.0000; 0.0000; 0.0000; 0.0000; 0.5063;      0;      0;      0; 96.99; 0.93; 29.50; 96.99; 0.93; 29.50; 0.9796; 0.0001; 0.0031; 0.0032; 0.0002; 0.0069; 71.89; 0.24; 7.50; 0.00; 0.00; 0.00; 0.00; 0.00; 0.00; 0
6; 1.0000; 0.0000; 0.0000; 0.0000; 0.5063; 0.2439; 0.0125; 0.3969; 103.99; 0.93; 29.50; 103.99; 0.93; 29.50; 0.9820; 0.0001; 0.0028; 0.0030; 0.0002; 0.0065; 85.89; 0.24; 7.50; 0.00; 0.00; 0.00; 0.00; 0.00; 0.00; 0
7; 1.0000; 0.0000; 0.0000; 0.0000; 0.5063;      0;      0;      0; 99.99; 0.93; 29.50; 99.99; 0.93; 29.50; 0.9819; 0.0001; 0.0027; 0.0028; 0.0002; 0.0063; 84.34; 0.25; 7.88; 0.00; 0.00; 0.00; 0.00; 0.00; 0.00; 0
8; 1.0000; 0.0000; 0.0000; 0.0000; 0.5063;      0;      0;      0; 95.27; 1.01; 31.95; 95.27; 1.01; 31.95; 0.9813; 0.0001; 0.0027; 0.0029; 0.0002; 0.0066; 80.97; 0.29; 9.04; 0.00; 0.00; 0.00; 0.00; 0.00; 0.00; 0
9; 1.0000; 0.0000; 0.0000; 0.0000; 0.5063;      0;      0;      0; 96.37; 0.92; 29.16; 96.37; 0.92; 29.16; 0.9729; 0.0001; 0.0047; 0.0078; 0.0003; 0.0110; 59.74; 0.21; 6.60; 0.00; 0.00; 0.00; 0.00; 0.00; 0.00; 0
10; 1.0000; 0.0000; 0.0000; 0.0000; 0.5063; 0.1012; 0.0131; 0.4141; 103.37; 0.92; 29.16; 103.37; 0.92; 29.16; 0.9763; 0.0001; 0.0043; 0.0073; 0.0003; 0.0103; 73.74; 0.21; 6.60; 0.00; 0.00; 0.00; 0.00; 0.00; 0.00; 0
11; 1.0000; 0.0000; 0.0000; 0.0000; 0.5063;      0;      0;      0; 99.37; 0.92; 29.16; 99.37; 0.92; 29.16; 0.9761; 0.0001; 0.0042; 0.0072; 0.0003; 0.0105; 72.23; 0.22; 6.93; 0.00; 0.00; 0.00; 0.00; 0.00; 0.00; 0
12; 1.0000; 0.0000; 0.0000; 0.0000; 0.5063;      0;      0;      0; 94.54; 0.99; 31.38; 94.54; 0.99; 31.38; 0.9754; 0.0001; 0.0041; 0.0074; 0.0003; 0.0108; 69.59; 0.24; 7.56; 0.00; 0.00; 0.00; 0.00; 0.00; 0.00; 0
13; 1.0000; 0.0000; 0.0000; 0.0000; 0.5063;      0;      0;      0; 96.21; 0.92; 28.96; 96.21; 0.92; 28.96; 0.9660; 0.0002; 0.0071; 0.0135; 0.0005; 0.0148; 50.45; 0.20; 6.23; 0.00; 0.00; 0.00; 0.00; 0.00; 0.00; 0
14; 1.0000; 0.0000; 0.0000; 0.0000; 0.5063; 0.1040; 0.0124; 0.3919; 103.21; 0.92; 28.96; 103.21; 0.92; 28.96; 0.9704; 0.0002; 0.0061; 0.0125; 0.0004; 0.0138; 64.45; 0.20; 6.23; 0.00; 0.00; 0.00; 0.00; 0.00; 0.00; 0
15; 1.0000; 0.0000; 0.0000; 0.0000; 0.5063;      0;      0;      0; 99.21; 0.92; 28.96; 99.21; 0.92; 28.96; 0.9701; 0.0002; 0.0061; 0.0125; 0.0004; 0.0140; 62.90; 0.21; 6.53; 0.00; 0.00; 0.00; 0.00; 0.00; 0.00; 0
16; 1.0000; 0.0000; 0.0000; 0.0000; 0.5063;      0;      0;      0; 94.35; 0.98; 31.06; 94.35; 0.98; 31.06; 0.9695; 0.0002; 0.0062; 0.0127; 0.0005; 0.0143; 60.96; 0.22; 6.95; 0.00; 0.00; 0.00; 0.00; 0.00; 0.00; 0
17; 1.0000; 0.0000; 0.0000; 0.0000; 0.5063;      0;      0;      0; 95.37; 0.94; 29.68; 95.37; 0.94; 29.68; 0.9614; 0.0003; 0.0085; 0.0180; 0.0005; 0.0167; 46.54; 0.19; 5.98; 0.00; 0.00; 0.00; 0.00; 0.00; 0.00; 0
18; 1.0000; 0.0000; 0.0000; 0.0000; 0.5063; 0.0967; 0.0131; 0.4143; 102.37; 0.94; 29.68; 102.37; 0.94; 29.68; 0.9665; 0.0002; 0.0074; 0.0167; 0.0005; 0.0155; 60.54; 0.19; 5.98; 0.00; 0.00; 0.00; 0.00; 0.00; 0.00; 0
19; 1.0000; 0.0000; 0.0000; 0.0000; 0.5063;      0;      0;      0; 98.37; 0.94; 29.68; 98.37; 0.94; 29.68; 0.9661; 0.0002; 0.0074; 0.0166; 0.0005; 0.0158; 58.93; 0.20; 6.44; 0.00; 0.00; 0.00; 0.00; 0.00; 0.00; 0
20; 1.0000; 0.0000; 0.0000; 0.0000; 0.5063;      0;      0;      0; 93.51; 1.01; 32.05; 93.51; 1.01; 32.05; 0.9656; 0.0002; 0.0074; 0.0168; 0.0005; 0.0165; 57.12; 0.22; 6.95; 0.00; 0.00; 0.00; 0.00; 0.00; 0.00; 0
21; 1.0000; 0.0000; 0.0000; 0.0000; 0.5063;      0;      0;      0; 94.46; 0.93; 29.55; 94.46; 0.93; 29.55; 0.9577; 0.0003; 0.0094; 0.0225; 0.0006; 0.0192; 43.82; 0.18; 5.72; 0.00; 0.00; 0.00; 0.00; 0.00; 0.00; 0
22; 1.0000; 0.0000; 0.0000; 0.0000; 0.5063; 0.1004; 0.0128; 0.4055; 101.46; 0.93; 29.55; 101.46; 0.93; 29.55; 0.9633; 0.0003; 0.0082; 0.0208; 0.0006; 0.0178; 57.82; 0.18; 5.72; 0.00; 0.00; 0.00; 0.00; 0.00; 0.00; 0
23; 1.0000; 0.0000; 0.0000; 0.0000; 0.5063;      0;      0;      0; 97.46; 0.93; 29.55; 97.46; 0.93; 29.55; 0.9629; 0.0003; 0.0082; 0.0209; 0.0006; 0.0181; 56.21; 0.20; 6.19; 0.00; 0.00; 0.00; 0.00; 0.00; 0.00; 0
24; 1.0000; 0.0000; 0.0000; 0.0000; 0.5063;      0;      0;      0; 92.67; 1.00; 31.78; 92.67; 1.00; 31.78; 0.9624; 0.0003; 0.0083; 0.0210; 0.0006; 0.0184; 54.57; 0.21; 6.75; 0.00; 0.00; 0.00; 0.00; 0.00; 0.00; 0
25; 1.0000; 0.0000; 0.0000; 0.0000; 0.5063;      0;      0;      0; 93.20; 0.96; 30.37; 93.20; 0.96; 30.37; 0.9543; 0.0003; 0.0106; 0.0270; 0.0007; 0.0216; 42.00; 0.18; 5.85; 0.00; 0.00; 0.00; 0.00; 0.00; 0.00; 0
26; 1.0000; 0.0000; 0.0000; 0.0000; 0.5063; 0.0940; 0.0130; 0.4114; 100.20; 0.96; 30.37; 100.20; 0.96; 30.37; 0.9605; 0.0003; 0.0093; 0.0250; 0.0006; 0.0200; 56.00; 0.18; 5.85; 0.00; 0.00; 0.00; 0.00; 0.00; 0.00; 0
27; 1.0000; 0.0000; 0.0000; 0.0000; 0.5063;      0;      0;      0; 96.20; 0.96; 30.37; 96.20; 0.96; 30.37; 0.9600; 0.0003; 0.0092; 0.0250; 0.0006; 0.0201; 54.23; 0.20; 6.30; 0.00; 0.00; 0.00; 0.00; 0.00; 0.00; 0
28; 1.0000; 0.0000; 0.0000; 0.0000; 0.5063;      0;      0;      0; 91.05; 1.03; 32.64; 91.05; 1.03; 32.64; 0.9594; 0.0003; 0.0093; 0.0247; 0.0007; 0.0209; 52.52; 0.21; 6.77; 0.00; 0.00; 0.00; 0.00; 0.00; 0.00; 0
29; 1.0000; 0.0000; 0.0000; 0.0000; 0.5063;      0;      0;      0; 94.97; 0.99; 31.27; 94.97; 0.99; 31.27; 0.9520; 0.0004; 0.0115; 0.0287; 0.0007; 0.0227; 40.86; 0.18; 5.76; 0.00; 0.00; 0.00; 0.00; 0.00; 0.00; 0
30; 1.0000; 0.0000; 0.0000; 0.0000; 0.5063; 0.1337; 0.0135; 0.4266; 101.97; 0.99; 31.27; 101.97; 0.99; 31.27; 0.9585; 0.0003; 0.0099; 0.0266; 0.0007; 0.0209; 54.86; 0.18; 5.76; 0.00; 0.00; 0.00; 0.00; 0.00; 0.00; 0
31; 1.0000; 0.0000; 0.0000; 0.0000; 0.5063;      0;      0;      0; 97.97; 0.99; 31.27; 97.97; 0.99; 31.27; 0.9580; 0.0003; 0.0100; 0.0266; 0.0007; 0.0214; 53.36; 0.20; 6.22; 0.00; 0.00; 0.00; 0.00; 0.00; 0.00; 0
32; 1.0000; 0.0000; 0.0000; 0.0000; 0.5063;      0;      0;      0; 93.36; 1.06; 33.39; 93.36; 1.06; 33.39; 0.9575; 0.0003; 0.0101; 0.0265; 0.0007; 0.0220; 51.86; 0.21; 6.62; 0.00; 0.00; 0.00; 0.00; 0.00; 0.00; 0
33; 1.0000; 0.0000; 0.0000; 0.0000; 0.5063;      0;      0;      0; 93.14; 0.95; 30.17; 93.14; 0.95; 30.17; 0.9498; 0.0004; 0.0132; 0.0324; 0.0008; 0.0250; 40.04; 0.18; 5.78; 0.00; 0.00; 0.00; 0.00; 0.00; 0.00; 0
34; 1.0000; 0.0000; 0.0000; 0.0000; 0.5063; 0.0919; 0.0131; 0.4148; 100.14; 0.95; 30.17; 100.14; 0.95; 30.17; 0.9567; 0.0004; 0.0113; 0.0300; 0.0007; 0.0231; 54.04; 0.18; 5.78; 0.00; 0.00; 0.00; 0.00; 0.00; 0.00; 0
35; 1.0000; 0.0000; 0.0000; 0.0000; 0.5063;      0;      0;      0; 96.14; 0.95; 30.17; 96.14; 0.95; 30.17; 0.9561; 0.0004; 0.0113; 0.0301; 0.0007; 0.0235; 52.38; 0.20; 6.29; 0.00; 0.00; 0.00; 0.00; 0.00; 0.00; 0
36; 1.0000; 0.0000; 0.0000; 0.0000; 0.5063;      0;      0;      0; 91.29; 1.03; 32.47; 91.29; 1.03; 32.47; 0.9556; 0.0004; 0.0115; 0.0304; 0.0008; 0.0242; 50.83; 0.21; 6.78; 0.00; 0.00; 0.00; 0.00; 0.00; 0.00; 0
37; 1.0000; 0.0000; 0.0000; 0.0000; 0.5063;      0;      0;      0; 94.45; 0.94; 29.60; 94.45; 0.94; 29.60; 0.9481; 0.0004; 0.0133; 0.0349; 0.0008; 0.0254; 39.81; 0.18; 5.66; 0.00; 0.00; 0.00; 0.00; 0.00; 0.00; 0
38; 1.0000; 0.0000; 0.0000; 0.0000; 0.5063; 0.1290; 0.0125; 0.3940; 101.45; 0.94; 29.60; 101.45; 0.94; 29.60; 0.9551; 0.0004; 0.0116; 0.0324; 0.0007; 0.0235; 53.81; 0.18; 5.66; 0.00; 0.00; 0.00; 0.00; 0.00; 0.00; 0
39; 1.0000; 0.0000; 0.0000; 0.0000; 0.5063;      0;      0;      0; 97.45; 0.94; 29.60; 97.45; 0.94; 29.60; 0.9546; 0.0004; 0.0117; 0.0323; 0.0008; 0.0239; 52.19; 0.19; 6.12; 0.00; 0.00; 0.00; 0.00; 0.00; 0.00; 0
40; 1.0000; 0.0000; 0.0000; 0.0000; 0.5063;      0;      0;      0; 92.60; 1.00; 31.63; 92.60; 1.00; 31.63; 0.9543; 0.0004; 0.0116; 0.0325; 0.0008; 0.0244; 50.75; 0.20; 6.42; 0.00; 0.00; 0.00; 0.00; 0.00; 0.00; 0
41; 1.0000; 0.0000; 0.0000; 0.0000; 0.5063;      0;      0;      0; 94.09; 0.94; 29.58; 94.09; 0.94; 29.58; 0.9467; 0.0005; 0.0145; 0.0356; 0.0008; 0.0261; 39.18; 0.19; 5.87; 0.00; 0.00; 0.00; 0.00; 0.00; 0.00; 0
42; 1.0000; 0.0000; 0.0000; 0.0000; 0.5063; 0.1058; 0.0127; 0.4013; 101.09; 0.94; 29.58; 101.09; 0.94; 29.58; 0.9540; 0.0004; 0.0126; 0.0330; 0.0008; 0.0242; 53.18; 0.19; 5.87; 0.00; 0.00; 0.00; 0.00; 0.00; 0.00; 0
43; 1.0000; 0.0000; 0.0000; 0.0000; 0.5063;      0;      0;      0; 97.09; 0.94; 29.58; 97.09; 0.94; 29.58; 0.9533; 0.0004; 0.0127; 0.0332; 0.0008; 0.0246; 51.52; 0.20; 6.28; 0.00; 0.00; 0.00; 0.00; 0.00; 0.00; 0
44; 1.0000; 0.0000; 0.0000; 0.0000; 0.5063;      0;      0;      0; 92.15; 1.00; 31.73; 92.15; 1.00; 31.73; 0.9528; 0.0004; 0.0127; 0.0330; 0.0008; 0.0252; 50.01; 0.21; 6.68; 0.00; 0.00; 0.00; 0.00; 0.00; 0.00; 0
45; 1.0000; 0.0000; 0.0000; 0.0000; 0.5063;      0;      0;      0; 95.31; 0.93; 29.48; 95.31; 0.93; 29.48; 0.9457; 0.0005; 0.0148; 0.0365; 0.0008; 0.0265; 38.91; 0.18; 5.75; 0.00; 0.00; 0.00; 0.00; 0.00; 0.00; 0
46; 1.0000; 0.0000; 0.0000; 0.0000; 0.5063; 0.1248; 0.0124; 0.3920; 102.31; 0.93; 29.48; 102.31; 0.93; 29.48; 0.9530; 0.0004; 0.0130; 0.0339; 0.0008; 0.0246; 52.91; 0.18; 5.75; 0.00; 0.00; 0.00; 0.00; 0.00; 0.00; 0
47; 1.0000; 0.0000; 0.0000; 0.0000; 0.5063;      0;      0;      0; 98.31; 0.93; 29.48; 98.31; 0.93; 29.48; 0.9525; 0.0004; 0.0129; 0.0339; 0.0008; 0.0250; 51.32; 0.19; 6.13; 0.00; 0.00; 0.00; 0.00; 0.00; 0.00; 0
48; 1.0000; 0.0000; 0.0000; 0.0000; 0.5063;      0;      0;      0; 93.62; 1.00; 31.56; 93.62; 1.00; 31.56; 0.9521; 0.0004; 0.0129; 0.0338; 0.0008; 0.0254; 49.91; 0.21; 6.49; 0.00; 0.00; 0.00; 0.00; 0.00; 0.00; 0
49; 1.0000; 0.0000; 0.0000; 0.0000; 0.5063;      0;      0;      0; 94.45; 0.92; 29.16; 94.45; 0.92; 29.16; 0.9449; 0.0005; 0.0148; 0.0374; 0.0009; 0.0271; 38.59; 0.18; 5.77; 0.00; 0.00; 0.00; 0.00; 0.00; 0.00; 0
50; 1.0000; 0.0000; 0.0000; 0.0000; 0.5063; 0.0986; 0.0129; 0.4089; 101.45; 0.92; 29.16; 101.45; 0.92; 29.16; 0.9524; 0.0004; 0.0130; 0.0347; 0.0008; 0.0252; 52.59; 0.18; 5.77; 0.00; 0.00; 0.00; 0.00; 0.00; 0.00; 0
51; 1.0000; 0.0000; 0.0000; 0.0000; 0.5063;      0;      0;      0; 97.45; 0.92; 29.16; 97.45; 0.92; 29.16; 0.9518; 0.0004; 0.0130; 0.0349; 0.0008; 0.0254; 50.93; 0.20; 6.27; 0.00; 0.00; 0.00; 0.00; 0.00; 0.00; 0
52; 1.0000; 0.0000; 0.0000; 0.0000; 0.5063;      0;      0;      0; 92.61; 0.99; 31.35; 92.61; 0.99; 31.35; 0.9514; 0.0004; 0.0130; 0.0347; 0.0008; 0.0259; 49.49; 0.21; 6.56; 0.00; 0.00; 0.00; 0.00; 0.00; 0.00; 0
53; 1.0000; 0.0000; 0.0000; 0.0000; 0.5063;      0;      0;      0; 94.18; 0.95; 30.01; 94.18; 0.95; 30.01; 0.9444; 0.0005; 0.0152; 0.0378; 0.0009; 0.0279; 38.36; 0.18; 5.55; 0.00; 0.00; 0.00; 0.00; 0.00; 0.00; 0
54; 1.0000; 0.0000; 0.0000; 0.0000; 0.5063; 0.1067; 0.0132; 0.4159; 101.18; 0.95; 30.01; 101.18; 0.95; 30.01; 0.9520; 0.0004; 0.0135; 0.0350; 0.0008; 0.0258; 52.36; 0.18; 5.55; 0.00; 0.00; 0.00; 0.00; 0.00; 0.00; 0
55; 1.0000; 0.0000; 0.0000; 0.0000; 0.5063;      0;      0;      0; 97.18; 0.95; 30.01; 97.18; 0.95; 30.01; 0.9513; 0.0004; 0.0135; 0.0351; 0.0008; 0.0263; 50.66; 0.19; 6.03; 0.00; 0.00; 0.00; 0.00; 0.00; 0.00; 0
56; 1.0000; 0.0000; 0.0000; 0.0000; 0.5063;      0;      0;      0; 92.16; 1.02; 32.30; 92.16; 1.02; 32.30; 0.9508; 0.0004; 0.0136; 0.0354; 0.0009; 0.0272; 49.15; 0.21; 6.53; 0.00; 0.00; 0.00; 0.00; 0.00; 0.00; 0
57; 1.0000; 0.0000; 0.0000; 0.0000; 0.5063;      0;      0;      0; 93.41; 0.91; 28.88; 93.41; 0.91; 28.88; 0.9441; 0.0005; 0.0163; 0.0384; 0.0009; 0.0282; 38.23; 0.18; 5.69; 0.00; 0.00; 0.00; 0.00; 0.00; 0.00; 0
58; 1.0000; 0.0000; 0.0000; 0.0000; 0.5063; 0.1088; 0.0132; 0.4183; 100.41; 0.91; 28.88; 100.41; 0.91; 28.88; 0.9518; 0.0005; 0.0146; 0.0355; 0.0008; 0.0263; 52.23; 0.18; 5.69; 0.00; 0.00; 0.00; 0.00; 0.00; 0.00; 0
59; 1.0000; 0.0000; 0.0000; 0.0000; 0.5063;      0;      0;      0; 96.41; 0.91; 28.88; 96.41; 0.91; 28.88; 0.9511; 0.0005; 0.0145; 0.0357; 0.0008; 0.0267; 50.54; 0.19; 6.14; 0.00; 0.00; 0.00; 0.00; 0.00; 0.00; 0
60; 1.0000; 0.0000; 0.0000; 0.0000; 0.5063;      0;      0;      0; 91.52; 0.99; 31.19; 91.52; 0.99; 31.19; 0.9508; 0.0005; 0.0145; 0.0356; 0.0009; 0.0269; 49.14; 0.21; 6.49; 0.00; 0.00; 0.00; 0.00; 0.00; 0.00; 0
61; 1.0000; 0.0000; 0.0000; 0.0000; 0.5063;      0;      0;      0; 96.03; 0.91; 28.73; 96.03; 0.91; 28.73; 0.9437; 0.0006; 0.0176; 0.0389; 0.0009; 0.0283; 38.34; 0.18; 5.67; 0.00; 0.00; 0.00; 0.00; 0.00; 0.00; 0
62; 1.0000; 0.0000; 0.0000; 0.0000; 0.5063; 0.1405; 0.0128; 0.4037; 103.03; 0.91; 28.73; 103.03; 0.91; 28.73; 0.9511; 0.0005; 0.0158; 0.0361; 0.0008; 0.0264; 52.34; 0.18; 5.67; 0.00; 0.00; 0.00; 0.00; 0.00; 0.00; 0
63; 1.0000; 0.0000; 0.0000; 0.0000; 0.5063;      0;      0;      0; 99.03; 0.91; 28.73; 99.03; 0.91; 28.73; 0.9506; 0.0005; 0.0157; 0.0361; 0.0008; 0.0268; 50.82; 0.19; 6.00; 0.00; 0.00; 0.00; 0.00; 0.00; 0.00; 0
64; 1.0000; 0.0000; 0.0000; 0.0000; 0.5063;      0;      0;      0; 94.26; 0.98; 30.87; 94.26; 0.98; 30.87; 0.9502; 0.0005; 0.0158; 0.0360; 0.0009; 0.0273; 49.47; 0.20; 6.25; 0.00; 0.00; 0.00; 0.00; 0.00; 0.00; 0
65; 1.0000; 0.0000; 0.0000; 0.0000; 0.5063;      0;      0;      0; 94.52; 0.95; 29.88; 94.52; 0.95; 29.88; 0.9434; 0.0005; 0.0173; 0.0399; 0.0009; 0.0296; 38.20; 0.18; 5.64; 0.00; 0.00; 0.00; 0.00; 0.00; 0.00; 0
66; 1.0000; 0.0000; 0.0000; 0.0000; 0.5063; 0.0869; 0.0127; 0.4005; 101.52; 0.95; 29.88; 101.52; 0.95; 29.88; 0.9511; 0.0005; 0.0153; 0.0370; 0.0009; 0.0274; 52.20; 0.18; 5.64; 0.00; 0.00; 0.00; 0.00; 0.00; 0.00; 0
67; 1.0000; 0.0000; 0.0000; 0.0000; 0.5063;      0;      0;      0; 97.52; 0.95; 29.88; 97.52; 0.95; 29.88; 0.9504; 0.0005; 0.0152; 0.0369; 0.0009; 0.0278; 50.52; 0.19; 6.13; 0.00; 0.00; 0.00; 0.00; 0.00; 0.00; 0
68; 1.0000; 0.0000; 0.0000; 0.0000; 0.5063;      0;      0;      0; 92.53; 1.02; 32.33; 92.53; 1.02; 32.33; 0.9499; 0.0005; 0.0153; 0.0370; 0.0009; 0.0284; 49.02; 0.21; 6.60; 0.00; 0.00; 0.00; 0.00; 0.00; 0.00; 0
69; 1.0000; 0.0000; 0.0000; 0.0000; 0.5063;      0;      0;      0; 93.59; 0.96; 30.25; 93.59; 0.96; 30.25; 0.9436; 0.0005; 0.0171; 0.0394; 0.0009; 0.0297; 38.29; 0.18; 5.67; 0.00; 0.00; 0.00; 0.00; 0.00; 0.00; 0
70; 1.0000; 0.0000; 0.0000; 0.0000; 0.5063; 0.1018; 0.0132; 0.4164; 100.59; 0.96; 30.25; 100.59; 0.96; 30.25; 0.9513; 0.0005; 0.0151; 0.0364; 0.0009; 0.0274; 52.29; 0.18; 5.67; 0.00; 0.00; 0.00; 0.00; 0.00; 0.00; 0
71; 1.0000; 0.0000; 0.0000; 0.0000; 0.5063;      0;      0;      0; 96.59; 0.96; 30.25; 96.59; 0.96; 30.25; 0.9505; 0.0005; 0.0151; 0.0366; 0.0009; 0.0281; 50.54; 0.20; 6.31; 0.00; 0.00; 0.00; 0.00; 0.00; 0.00; 0
72; 1.0000; 0.0000; 0.0000; 0.0000; 0.5063;      0;      0;      0; 91.65; 1.03; 32.64; 91.65; 1.03; 32.64; 0.9500; 0.0005; 0.0152; 0.0366; 0.0009; 0.0285; 49.05; 0.22; 6.88; 0.00; 0.00; 0.00; 0.00; 0.00; 0.00; 0
73; 1.0000; 0.0000; 0.0000; 0.0000; 0.5063;      0;      0;      0; 93.62; 0.93; 29.36; 93.62; 0.93; 29.36; 0.9431; 0.0006; 0.0175; 0.0379; 0.0009; 0.0286; 38.24; 0.19; 5.98; 0.00; 0.00; 0.00; 0.00; 0.00; 0.00; 0
74; 1.0000; 0.0000; 0.0000; 0.0000; 0.5063; 0.1185; 0.0128; 0.4046; 100.62; 0.93; 29.36; 100.62; 0.93; 29.36; 0.9510; 0.0005; 0.0151; 0.0351; 0.0008; 0.0264; 52.24; 0.19; 5.98; 0.00; 0.00; 0.00; 0.00; 0.00; 0.00; 0
75; 1.0000; 0.0000; 0.0000; 0.0000; 0.5063;      0;      0;      0; 96.62; 0.93; 29.36; 96.62; 0.93; 29.36; 0.9504; 0.0005; 0.0150; 0.0352; 0.0008; 0.0268; 50.63; 0.20; 6.31; 0.00; 0.00; 0.00; 0.00; 0.00; 0.00; 0
76; 1.0000; 0.0000; 0.0000; 0.0000; 0.5063;      0;      0;      0; 91.89; 1.00; 31.48; 91.89; 1.00; 31.48; 0.9500; 0.0005; 0.0151; 0.0354; 0.0009; 0.0277; 49.20; 0.21; 6.61; 0.00; 0.00; 0.00; 0.00; 0.00; 0.00; 0
77; 1.0000; 0.0000; 0.0000; 0.0000; 0.5063;      0;      0;      0; 94.08; 0.93; 29.39; 94.08; 0.93; 29.39; 0.9433; 0.0005; 0.0169; 0.0377; 0.0009; 0.0282; 38.10; 0.18; 5.66; 0.00; 0.00; 0.00; 0.00; 0.00; 0.00; 0
78; 1.0000; 0.0000; 0.0000; 0.0000; 0.5063; 0.1149; 0.0130; 0.4106; 101.08; 0.93; 29.39; 101.08; 0.93; 29.39; 0.9511; 0.0005; 0.0148; 0.0349; 0.0008; 0.0262; 52.10; 0.18; 5.66; 0.00; 0.00; 0.00; 0.00; 0.00; 0.00; 0
79; 1.0000; 0.0000; 0.0000; 0.0000; 0.5063;      0;      0;      0; 97.08; 0.93; 29.39; 97.08; 0.93; 29.39; 0.9504; 0.0005; 0.0148; 0.0349; 0.0008; 0.0265; 50.50; 0.19; 6.17; 0.00; 0.00; 0.00; 0.00; 0.00; 0.00; 0
80; 1.0000; 0.0000; 0.0000; 0.0000; 0.5063;      0;      0;      0; 92.22; 1.00; 31.66; 92.22; 1.00; 31.66; 0.9500; 0.0005; 0.0149; 0.0351; 0.0009; 0.0270; 49.03; 0.21; 6.60; 0.00; 0.00; 0.00; 0.00; 0.00; 0.00; 0
81; 1.0000; 0.0000; 0.0000; 0.0000; 0.5063;      0;      0;      0; 93.15; 0.94; 29.64; 93.15; 0.94; 29.64; 0.9428; 0.0005; 0.0164; 0.0386; 0.0009; 0.0281; 37.97; 0.18; 5.66; 0.00; 0.00; 0.00; 0.00; 0.00; 0.00; 0
82; 1.0000; 0.0000; 0.0000; 0.0000; 0.5063; 0.1003; 0.0132; 0.4181; 100.15; 0.94; 29.64; 100.15; 0.94; 29.64; 0.9507; 0.0004; 0.0142; 0.0358; 0.0008; 0.0260; 51.97; 0.18; 5.66; 0.00; 0.00; 0.00; 0.00; 0.00; 0.00; 0
83; 1.0000; 0.0000; 0.0000; 0.0000; 0.5063;      0;      0;      0; 96.15; 0.94; 29.64; 96.15; 0.94; 29.64; 0.9499; 0.0005; 0.0144; 0.0359; 0.0008; 0.0264; 50.23; 0.19; 6.12; 0.00; 0.00; 0.00; 0.00; 0.00; 0.00; 0
84; 1.0000; 0.0000; 0.0000; 0.0000; 0.5063;      0;      0;      0; 91.11; 1.01; 31.95; 91.11; 1.01; 31.95; 0.9495; 0.0005; 0.0145; 0.0360; 0.0009; 0.0274; 48.72; 0.21; 6.54; 0.00; 0.00; 0.00; 0.00; 0.00; 0.00; 0
85; 1.0000; 0.0000; 0.0000; 0.0000; 0.5063;      0;      0;      0; 93.22; 0.94; 29.69; 93.22; 0.94; 29.69; 0.9427; 0.0005; 0.0167; 0.0399; 0.0009; 0.0290; 37.98; 0.18; 5.55; 0.00; 0.00; 0.00; 0.00; 0.00; 0.00; 0
86; 1.0000; 0.0000; 0.0000; 0.0000; 0.5063; 0.1158; 0.0130; 0.4105; 100.22; 0.94; 29.69; 100.22; 0.94; 29.69; 0.9506; 0.0005; 0.0146; 0.0369; 0.0008; 0.0268; 51.98; 0.18; 5.55; 0.00; 0.00; 0.00; 0.00; 0.00; 0.00; 0
87; 1.0000; 0.0000; 0.0000; 0.0000; 0.5063;      0;      0;      0; 96.22; 0.94; 29.69; 96.22; 0.94; 29.69; 0.9499; 0.0005; 0.0146; 0.0370; 0.0009; 0.0273; 50.32; 0.19; 6.02; 0.00; 0.00; 0.00; 0.00; 0.00; 0.00; 0
88; 1.0000; 0.0000; 0.0000; 0.0000; 0.5063;      0;      0;      0; 91.31; 1.01; 31.90; 91.31; 1.01; 31.90; 0.9494; 0.0005; 0.0148; 0.0372; 0.0009; 0.0278; 48.86; 0.21; 6.53; 0.00; 0.00; 0.00; 0.00; 0.00; 0.00; 0
89; 1.0000; 0.0000; 0.0000; 0.0000; 0.5063;      0;      0;      0; 93.73; 0.94; 29.65; 93.73; 0.94; 29.65; 0.9427; 0.0005; 0.0170; 0.0400; 0.0009; 0.0285; 38.16; 0.18; 5.75; 0.00; 0.00; 0.00; 0.00; 0.00; 0.00; 0
90; 1.0000; 0.0000; 0.0000; 0.0000; 0.5063; 0.1194; 0.0128; 0.4034; 100.73; 0.94; 29.65; 100.73; 0.94; 29.65; 0.9506; 0.0005; 0.0148; 0.0370; 0.0008; 0.0262; 52.16; 0.18; 5.75; 0.00; 0.00; 0.00; 0.00; 0.00; 0.00; 0
91; 1.0000; 0.0000; 0.0000; 0.0000; 0.5063;      0;      0;      0; 96.73; 0.94; 29.65; 96.73; 0.94; 29.65; 0.9498; 0.0005; 0.0149; 0.0371; 0.0008; 0.0267; 50.49; 0.20; 6.31; 0.00; 0.00; 0.00; 0.00; 0.00; 0.00; 0
92; 1.0000; 0.0000; 0.0000; 0.0000; 0.5063;      0;      0;      0; 91.92; 1.01; 31.91; 91.92; 1.01; 31.91; 0.9494; 0.0005; 0.0150; 0.0367; 0.0009; 0.0273; 49.09; 0.22; 6.83; 0.00; 0.00; 0.00; 0.00; 0.00; 0.00; 0
93; 1.0000; 0.0000; 0.0000; 0.0000; 0.5063;      0;      0;      0; 95.23; 0.95; 30.08; 95.23; 0.95; 30.08; 0.9419; 0.0006; 0.0180; 0.0398; 0.0009; 0.0287; 37.64; 0.19; 6.10; 0.00; 0.00; 0.00; 0.00; 0.00; 0.00; 0
94; 1.0000; 0.0000; 0.0000; 0.0000; 0.5063; 0.1261; 0.0128; 0.4050; 102.23; 0.95; 30.08; 102.23; 0.95; 30.08; 0.9499; 0.0005; 0.0154; 0.0368; 0.0008; 0.0263; 51.64; 0.19; 6.10; 0.00; 0.00; 0.00; 0.00; 0.00; 0.00; 0
95; 1.0000; 0.0000; 0.0000; 0.0000; 0.5063;      0;      0;      0; 98.23; 0.95; 30.08; 98.23; 0.95; 30.08; 0.9491; 0.0005; 0.0156; 0.0370; 0.0009; 0.0272; 50.07; 0.21; 6.62; 0.00; 0.00; 0.00; 0.00; 0.00; 0.00; 0
96; 1.0000; 0.0000; 0.0000; 0.0000; 0.5063;      0;      0;      0; 93.51; 1.02; 32.18; 93.51; 1.02; 32.18; 0.9487; 0.0005; 0.0159; 0.0371; 0.0009; 0.0277; 48.70; 0.22; 7.01; 0.00; 0.00; 0.00; 0.00; 0.00; 0.00; 0
97; 1.0000; 0.0000; 0.0000; 0.0000; 0.5063;      0;      0;      0; 94.40; 0.92; 29.06; 94.40; 0.92; 29.06; 0.9420; 0.0006; 0.0179; 0.0396; 0.0009; 0.0277; 37.70; 0.19; 6.00; 0.00; 0.00; 0.00; 0.00; 0.00; 0.00; 0
98; 1.0000; 0.0000; 0.0000; 0.0000; 0.5063; 0.1022; 0.0133; 0.4204; 101.40; 0.92; 29.06; 101.40; 0.92; 29.06; 0.9500; 0.0005; 0.0154; 0.0367; 0.0008; 0.0256; 51.70; 0.19; 6.00; 0.00; 0.00; 0.00; 0.00; 0.00; 0.00; 0
99; 1.0000; 0.0000; 0.0000; 0.0000; 0.5063;      0;      0;      0; 97.40; 0.92; 29.06; 97.40; 0.92; 29.06; 0.9494; 0.0005; 0.0154; 0.0367; 0.0008; 0.0258; 50.22; 0.21; 6.50; 0.00; 0.00; 0.00; 0.00; 0.00; 0.00; 0
100; 1.0000; 0.0000; 0.0000; 0.0000; 0.5063;      0;      0;      0; 92.66; 0.98; 31.10; 92.66; 0.98; 31.10; 0.9490; 0.0005; 0.0153; 0.0365; 0.0008; 0.0260; 48.85; 0.22; 6.93; 0.00; 0.00; 0.00; 0.00; 0.00; 0.00; 0
101; 1.0000; 0.0000; 0.0000; 0.0000; 0.5063;      0;      0;      0; 94.54; 0.93; 29.41; 94.54; 0.93; 29.41; 0.9419; 0.0006; 0.0182; 0.0406; 0.0009; 0.0288; 37.80; 0.18; 5.73; 0.00; 0.00; 0.00; 0.00; 0.00; 0.00; 0
102; 1.0000; 0.0000; 0.0000; 0.0000; 0.5063; 0.1095; 0.0124; 0.3931; 101.54; 0.93; 29.41; 101.54; 0.93; 29.41; 0.9498; 0.0005; 0.0160; 0.0376; 0.0008; 0.0267; 51.80; 0.18; 5.73; 0.00; 0.00; 0.00; 0.00; 0.00; 0.00; 0
103; 1.0000; 0.0000; 0.0000; 0.0000; 0.5063;      0;      0;      0; 97.54; 0.93; 29.41; 97.54; 0.93; 29.41; 0.9491; 0.0005; 0.0159; 0.0377; 0.0008; 0.0267; 50.18; 0.20; 6.23; 0.00; 0.00; 0.00; 0.00; 0.00; 0.00; 0
104; 1.0000; 0.0000; 0.0000; 0.0000; 0.5063;      0;      0;      0; 92.82; 1.00; 31.72; 92.82; 1.00; 31.72; 0.9487; 0.0005; 0.0160; 0.0378; 0.0009; 0.0275; 48.77; 0.21; 6.65; 0.00; 0.00; 0.00; 0.00; 0.00; 0.00; 0
105; 1.0000; 0.0000; 0.0000; 0.0000; 0.5063;      0;      0;      0; 94.65; 0.93; 29.29; 94.65; 0.93; 29.29; 0.9420; 0.0006; 0.0178; 0.0406; 0.0009; 0.0295; 37.88; 0.19; 5.93; 0.00; 0.00; 0.00; 0.00; 0.00; 0.00; 0
106; 1.0000; 0.0000; 0.0000; 0.0000; 0.5063; 0.1111; 0.0134; 0.4227; 101.65; 0.93; 29.29; 101.65; 0.93; 29.29; 0.9499; 0.0005; 0.0155; 0.0376; 0.0009; 0.0273; 51.88; 0.19; 5.93; 0.00; 0.00; 0.00; 0.00; 0.00; 0.00; 0
107; 1.0000; 0.0000; 0.0000; 0.0000; 0.5063;      0;      0;      0; 97.65; 0.93; 29.29; 97.65; 0.93; 29.29; 0.9493; 0.0005; 0.0155; 0.0378; 0.0009; 0.0274; 50.23; 0.20; 6.36; 0.00; 0.00; 0.00; 0.00; 0.00; 0.00; 0
108; 1.0000; 0.0000; 0.0000; 0.0000; 0.5063;      0;      0;      0; 92.78; 1.00; 31.54; 92.78; 1.00; 31.54; 0.9488; 0.0005; 0.0155; 0.0379; 0.0009; 0.0280; 48.78; 0.21; 6.79; 0.00; 0.00; 0.00; 0.00; 0.00; 0.00; 0
109; 1.0000; 0.0000; 0.0000; 0.0000; 0.5063;      0;      0;      0; 93.37; 0.92; 29.02; 93.37; 0.92; 29.02; 0.9420; 0.0006; 0.0179; 0.0411; 0.0010; 0.0308; 37.84; 0.18; 5.79; 0.00; 0.00; 0.00; 0.00; 0.00; 0.00; 0
110; 1.0000; 0.0000; 0.0000; 0.0000; 0.5063; 0.0981; 0.0130; 0.4111; 100.37; 0.92; 29.02; 100.37; 0.92; 29.02; 0.9499; 0.0005; 0.0157; 0.0380; 0.0009; 0.0284; 51.84; 0.18; 5.79; 0.00; 0.00; 0.00; 0.00; 0.00; 0.00; 0
111; 1.0000; 0.0000; 0.0000; 0.0000; 0.5063;      0;      0;      0; 96.37; 0.92; 29.02; 96.37; 0.92; 29.02; 0.9492; 0.0005; 0.0157; 0.0384; 0.0009; 0.0291; 50.22; 0.20; 6.26; 0.00; 0.00; 0.00; 0.00; 0.00; 0.00; 0
112; 1.0000; 0.0000; 0.0000; 0.0000; 0.5063;      0;      0;      0; 91.35; 0.99; 31.36; 91.35; 0.99; 31.36; 0.9489; 0.0005; 0.0157; 0.0384; 0.0009; 0.0297; 48.78; 0.21; 6.69; 0.00; 0.00; 0.00; 0.00; 0.00; 0.00; 0
113; 1.0000; 0.0000; 0.0000; 0.0000; 0.5063;      0;      0;      0; 94.69; 0.96; 30.35; 94.69; 0.96; 30.35; 0.9418; 0.0006; 0.0177; 0.0403; 0.0010; 0.0308; 37.76; 0.19; 5.97; 0.00; 0.00; 0.00; 0.00; 0.00; 0.00; 0
114; 1.0000; 0.0000; 0.0000; 0.0000; 0.5063; 0.1239; 0.0129; 0.4078; 101.69; 0.96; 30.35; 101.69; 0.96; 30.35; 0.9497; 0.0005; 0.0155; 0.0374; 0.0009; 0.0285; 51.76; 0.19; 5.97; 0.00; 0.00; 0.00; 0.00; 0.00; 0.00; 0
115; 1.0000; 0.0000; 0.0000; 0.0000; 0.5063;      0;      0;      0; 97.69; 0.96; 30.35; 97.69; 0.96; 30.35; 0.9490; 0.0005; 0.0155; 0.0375; 0.0009; 0.0287; 50.11; 0.20; 6.47; 0.00; 0.00; 0.00; 0.00; 0.00; 0.00; 0
116; 1.0000; 0.0000; 0.0000; 0.0000; 0.5063;      0;      0;      0; 92.83; 1.03; 32.57; 92.83; 1.03; 32.57; 0.9485; 0.0005; 0.0157; 0.0379; 0.0009; 0.0297; 48.67; 0.22; 6.83; 0.00; 0.00; 0.00; 0.00; 0.00; 0.00; 0
117; 1.0000; 0.0000; 0.0000; 0.0000; 0.5063;      0;      0;      0; 94.29; 0.91; 28.80; 94.29; 0.91; 28.80; 0.9420; 0.0005; 0.0171; 0.0416; 0.0009; 0.0299; 37.81; 0.19; 5.89; 0.00; 0.00; 0.00; 0.00; 0.00; 0.00; 0
118; 1.0000; 0.0000; 0.0000; 0.0000; 0.5063; 0.1113; 0.0130; 0.4100; 101.29; 0.91; 28.80; 101.29; 0.91; 28.80; 0.9499; 0.0005; 0.0149; 0.0385; 0.0009; 0.0277; 51.81; 0.19; 5.89; 0.00; 0.00; 0.00; 0.00; 0.00; 0.00; 0
119; 1.0000; 0.0000; 0.0000; 0.0000; 0.5063;      0;      0;      0; 97.29; 0.91; 28.80; 97.29; 0.91; 28.80; 0.9492; 0.0005; 0.0152; 0.0386; 0.0009; 0.0282; 50.23; 0.20; 6.35; 0.00; 0.00; 0.00; 0.00; 0.00; 0.00; 0
120; 1.0000; 0.0000; 0.0000; 0.0000; 0.5063;      0;      0;      0; 92.34; 0.98; 31.05; 92.34; 0.98; 31.05; 0.9488; 0.0005; 0.0151; 0.0389; 0.0009; 0.0287; 48.74; 0.21; 6.70; 0.00; 0.00; 0.00; 0.00; 0.00; 0.00; 0
121; 1.0000; 0.0000; 0.0000; 0.0000; 0.5063;      0;      0;      0; 95.18; 0.95; 30.11; 95.18; 0.95; 30.11; 0.9424; 0.0005; 0.0166; 0.0406; 0.0009; 0.0284; 37.80; 0.19; 5.86; 0.00; 0.00; 0.00; 0.00; 0.00; 0.00; 0
122; 1.0000; 0.0000; 0.0000; 0.0000; 0.5063; 0.1182; 0.0128; 0.4058; 102.18; 0.95; 30.11; 102.18; 0.95; 30.11; 0.9502; 0.0005; 0.0145; 0.0375; 0.0008; 0.0261; 51.80; 0.19; 5.86; 0.00; 0.00; 0.00; 0.00; 0.00; 0.00; 0
123; 1.0000; 0.0000; 0.0000; 0.0000; 0.5063;      0;      0;      0; 98.18; 0.95; 30.11; 98.18; 0.95; 30.11; 0.9496; 0.0005; 0.0145; 0.0376; 0.0008; 0.0266; 50.19; 0.20; 6.43; 0.00; 0.00; 0.00; 0.00; 0.00; 0.00; 0
124; 1.0000; 0.0000; 0.0000; 0.0000; 0.5063;      0;      0;      0; 93.43; 1.02; 32.21; 93.43; 1.02; 32.21; 0.9492; 0.0005; 0.0147; 0.0375; 0.0009; 0.0271; 48.81; 0.22; 6.83; 0.00; 0.00; 0.00; 0.00; 0.00; 0.00; 0
125; 1.0000; 0.0000; 0.0000; 0.0000; 0.5063;      0;      0;      0; 97.79; 0.99; 31.36; 97.79; 0.99; 31.36; 0.9418; 0.0005; 0.0172; 0.0408; 0.0009; 0.0280; 37.75; 0.18; 5.81; 0.00; 0.00; 0.00; 0.00; 0.00; 0.00; 0
126; 1.0000; 0.0000; 0.0000; 0.0000; 0.5063; 0.1311; 0.0130; 0.4116; 104.79; 0.99; 31.36; 104.79; 0.99; 31.36; 0.9496; 0.0005; 0.0152; 0.0379; 0.0008; 0.0260; 51.75; 0.18; 5.81; 0.00; 0.00; 0.00; 0.00; 0.00; 0.00; 0
127; 1.0000; 0.0000; 0.0000; 0.0000; 0.5063;      0;      0;      0; 100.79; 0.99; 31.36; 100.79; 0.99; 31.36; 0.9489; 0.0005; 0.0152; 0.0381; 0.0008; 0.0264; 50.25; 0.20; 6.24; 0.00; 0.00; 0.00; 0.00; 0.00; 0.00; 0
128; 1.0000; 0.0000; 0.0000; 0.0000; 0.5063;      0;      0;      0; 96.27; 1.06; 33.63; 96.27; 1.06; 33.63; 0.9486; 0.0005; 0.0151; 0.0379; 0.0009; 0.0270; 48.93; 0.21; 6.59; 0.00; 0.00; 0.00; 0.00; 0.00; 0.00; 0
129; 1.0000; 0.0000; 0.0000; 0.0000; 0.5063;      0;      0;      0; 95.03; 0.94; 29.79; 95.03; 0.94; 29.79; 0.9419; 0.0005; 0.0171; 0.0404; 0.0009; 0.0287; 37.45; 0.19; 6.10; 0.00; 0.00; 0.00; 0.00; 0.00; 0.00; 0
130; 1.0000; 0.0000; 0.0000; 0.0000; 0.5063; 0.0806; 0.0130; 0.4111; 102.03; 0.94; 29.79; 102.03; 0.94; 29.79; 0.9498; 0.0005; 0.0151; 0.0375; 0.0008; 0.0266; 51.45; 0.19; 6.10; 0.00; 0.00; 0.00; 0.00; 0.00; 0.00; 0
131; 1.0000; 0.0000; 0.0000; 0.0000; 0.5063;      0;      0;      0; 98.03; 0.94; 29.79; 98.03; 0.94; 29.79; 0.9491; 0.0005; 0.0151; 0.0375; 0.0009; 0.0272; 49.80; 0.20; 6.45; 0.00; 0.00; 0.00; 0.00; 0.00; 0.00; 0
132; 1.0000; 0.0000; 0.0000; 0.0000; 0.5063;      0;      0;      0; 93.30; 1.01; 31.89; 93.30; 1.01; 31.89; 0.9487; 0.0005; 0.0151; 0.0374; 0.0009; 0.0278; 48.44; 0.22; 6.80; 0.00; 0.00; 0.00; 0.00; 0.00; 0.00; 0
133; 1.0000; 0.0000; 0.0000; 0.0000; 0.5063;      0;      0;      0; 94.79; 0.91; 28.89; 94.79; 0.91; 28.89; 0.9415; 0.0006; 0.0179; 0.0411; 0.0009; 0.0296; 37.48; 0.20; 6.30; 0.00; 0.00; 0.00; 0.00; 0.00; 0.00; 0
134; 1.0000; 0.0000; 0.0000; 0.0000; 0.5063; 0.1087; 0.0131; 0.4156; 101.79; 0.91; 28.89; 101.79; 0.91; 28.89; 0.9495; 0.0005; 0.0155; 0.0380; 0.0009; 0.0274; 51.48; 0.20; 6.30; 0.00; 0.00; 0.00; 0.00; 0.00; 0.00; 0
135; 1.0000; 0.0000; 0.0000; 0.0000; 0.5063;      0;      0;      0; 97.79; 0.91; 28.89; 97.79; 0.91; 28.89; 0.9488; 0.0005; 0.0156; 0.0383; 0.0009; 0.0279; 49.93; 0.21; 6.77; 0.00; 0.00; 0.00; 0.00; 0.00; 0.00; 0
136; 1.0000; 0.0000; 0.0000; 0.0000; 0.5063;      0;      0;      0; 93.00; 0.98; 31.03; 93.00; 0.98; 31.03; 0.9485; 0.0005; 0.0157; 0.0383; 0.0009; 0.0283; 48.60; 0.23; 7.17; 0.00; 0.00; 0.00; 0.00; 0.00; 0.00; 0
137; 1.0000; 0.0000; 0.0000; 0.0000; 0.5063;      0;      0;      0; 94.92; 0.90; 28.59; 94.92; 0.90; 28.59; 0.9420; 0.0005; 0.0172; 0.0417; 0.0009; 0.0283; 37.74; 0.19; 6.08; 0.00; 0.00; 0.00; 0.00; 0.00; 0.00; 0
138; 1.0000; 0.0000; 0.0000; 0.0000; 0.5063; 0.1108; 0.0126; 0.3993; 101.92; 0.90; 28.59; 101.92; 0.90; 28.59; 0.9499; 0.0005; 0.0149; 0.0386; 0.0008; 0.0262; 51.74; 0.19; 6.08; 0.00; 0.00; 0.00; 0.00; 0.00; 0.00; 0
139; 1.0000; 0.0000; 0.0000; 0.0000; 0.5063;      0;      0;      0; 97.92; 0.90; 28.59; 97.92; 0.90; 28.59; 0.9492; 0.0005; 0.0150; 0.0388; 0.0008; 0.0265; 50.14; 0.21; 6.61; 0.00; 0.00; 0.00; 0.00; 0.00; 0.00; 0
140; 1.0000; 0.0000; 0.0000; 0.0000; 0.5063;      0;      0;      0; 93.03; 0.98; 30.84; 93.03; 0.98; 30.84; 0.9487; 0.0005; 0.0151; 0.0389; 0.0009; 0.0277; 48.70; 0.22; 6.98; 0.00; 0.00; 0.00; 0.00; 0.00; 0.00; 0
141; 1.0000; 0.0000; 0.0000; 0.0000; 0.5063;      0;      0;      0; 95.31; 0.92; 28.96; 95.31; 0.92; 28.96; 0.9421; 0.0005; 0.0161; 0.0413; 0.0009; 0.0285; 37.80; 0.19; 5.89; 0.00; 0.00; 0.00; 0.00; 0.00; 0.00; 0
142; 1.0000; 0.0000; 0.0000; 0.0000; 0.5063; 0.1131; 0.0128; 0.4061; 102.31; 0.92; 28.96; 102.31; 0.92; 28.96; 0.9499; 0.0004; 0.0140; 0.0383; 0.0008; 0.0264; 51.80; 0.19; 5.89; 0.00; 0.00; 0.00; 0.00; 0.00; 0.00; 0
143; 1.0000; 0.0000; 0.0000; 0.0000; 0.5063;      0;      0;      0; 98.31; 0.92; 28.96; 98.31; 0.92; 28.96; 0.9493; 0.0004; 0.0141; 0.0384; 0.0009; 0.0269; 50.18; 0.20; 6.29; 0.00; 0.00; 0.00; 0.00; 0.00; 0.00; 0
144; 1.0000; 0.0000; 0.0000; 0.0000; 0.5063;      0;      0;      0; 93.58; 0.99; 31.17; 93.58; 0.99; 31.17; 0.9489; 0.0005; 0.0144; 0.0385; 0.0009; 0.0277; 48.80; 0.21; 6.61; 0.00; 0.00; 0.00; 0.00; 0.00; 0.00; 0
145; 1.0000; 0.0000; 0.0000; 0.0000; 0.5063;      0;      0;      0; 95.36; 0.94; 29.82; 95.36; 0.94; 29.82; 0.9427; 0.0005; 0.0160; 0.0408; 0.0009; 0.0277; 37.90; 0.18; 5.72; 0.00; 0.00; 0.00; 0.00; 0.00; 0.00; 0
146; 1.0000; 0.0000; 0.0000; 0.0000; 0.5063; 0.1058; 0.0127; 0.4004; 102.36; 0.94; 29.82; 102.36; 0.94; 29.82; 0.9504; 0.0004; 0.0142; 0.0378; 0.0008; 0.0256; 51.90; 0.18; 5.72; 0.00; 0.00; 0.00; 0.00; 0.00; 0.00; 0
147; 1.0000; 0.0000; 0.0000; 0.0000; 0.5063;      0;      0;      0; 98.36; 0.94; 29.82; 98.36; 0.94; 29.82; 0.9497; 0.0004; 0.0142; 0.0381; 0.0008; 0.0261; 50.26; 0.19; 6.08; 0.00; 0.00; 0.00; 0.00; 0.00; 0.00; 0
148; 1.0000; 0.0000; 0.0000; 0.0000; 0.5063;      0;      0;      0; 93.64; 1.01; 32.00; 93.64; 1.01; 32.00; 0.9494; 0.0004; 0.0142; 0.0377; 0.0008; 0.0263; 48.89; 0.20; 6.39; 0.00; 0.00; 0.00; 0.00; 0.00; 0.00; 0
149; 1.0000; 0.0000; 0.0000; 0.0000; 0.5063;      0;      0;      0; 93.47; 0.92; 29.14; 93.47; 0.92; 29.14; 0.9433; 0.0005; 0.0155; 0.0389; 0.0009; 0.0277; 37.92; 0.18; 5.62; 0.00; 0.00; 0.00; 0.00; 0.00; 0.00; 0
150; 1.0000; 0.0000; 0.0000; 0.0000; 0.5063; 0.0888; 0.0129; 0.4094; 100.47; 0.92; 29.14; 100.47; 0.92; 29.14; 0.9511; 0.0004; 0.0136; 0.0360; 0.0008; 0.0256; 51.92; 0.18; 5.62; 0.00; 0.00; 0.00; 0.00; 0.00; 0.00; 0
151; 1.0000; 0.0000; 0.0000; 0.0000; 0.5063;      0;      0;      0; 96.47; 0.92; 29.14; 96.47; 0.92; 29.14; 0.9503; 0.0004; 0.0136; 0.0360; 0.0008; 0.0258; 50.26; 0.19; 6.07; 0.00; 0.00; 0.00; 0.00; 0.00; 0.00; 0
152; 1.0000; 0.0000; 0.0000; 0.0000; 0.5063;      0;      0;      0; 91.50; 0.99; 31.45; 91.50; 0.99; 31.45; 0.9500; 0.0004; 0.0138; 0.0358; 0.0008; 0.0264; 48.82; 0.20; 6.44; 0.00; 0.00; 0.00; 0.00; 0.00; 0.00; 0
153; 1.0000; 0.0000; 0.0000; 0.0000; 0.5063;      0;      0;      0; 93.33; 0.93; 29.46; 93.33; 0.93; 29.46; 0.9428; 0.0005; 0.0165; 0.0392; 0.0009; 0.0284; 38.01; 0.19; 5.90; 0.00; 0.00; 0.00; 0.00; 0.00; 0.00; 0
154; 1.0000; 0.0000; 0.0000; 0.0000; 0.5063; 0.1116; 0.0129; 0.4066; 100.33; 0.93; 29.46; 100.33; 0.93; 29.46; 0.9507; 0.0005; 0.0143; 0.0363; 0.0008; 0.0263; 52.01; 0.19; 5.90; 0.00; 0.00; 0.00; 0.00; 0.00; 0.00; 0
155; 1.0000; 0.0000; 0.0000; 0.0000; 0.5063;      0;      0;      0; 96.33; 0.93; 29.46; 96.33; 0.93; 29.46; 0.9499; 0.0005; 0.0144; 0.0364; 0.0008; 0.0268; 50.28; 0.20; 6.35; 0.00; 0.00; 0.00; 0.00; 0.00; 0.00; 0
156; 1.0000; 0.0000; 0.0000; 0.0000; 0.5063;      0;      0;      0; 91.53; 1.00; 31.63; 91.53; 1.00; 31.63; 0.9495; 0.0004; 0.0142; 0.0368; 0.0009; 0.0275; 48.83; 0.21; 6.58; 0.00; 0.00; 0.00; 0.00; 0.00; 0.00; 0
157; 1.0000; 0.0000; 0.0000; 0.0000; 0.5063;      0;      0;      0; 93.63; 0.93; 29.40; 93.63; 0.93; 29.40; 0.9424; 0.0005; 0.0171; 0.0391; 0.0009; 0.0281; 37.89; 0.19; 5.88; 0.00; 0.00; 0.00; 0.00; 0.00; 0.00; 0
158; 1.0000; 0.0000; 0.0000; 0.0000; 0.5063; 0.1158; 0.0128; 0.4036; 100.63; 0.93; 29.40; 100.63; 0.93; 29.40; 0.9503; 0.0005; 0.0150; 0.0363; 0.0008; 0.0261; 51.89; 0.19; 5.88; 0.00; 0.00; 0.00; 0.00; 0.00; 0.00; 0
159; 1.0000; 0.0000; 0.0000; 0.0000; 0.5063;      0;      0;      0; 96.63; 0.93; 29.40; 96.63; 0.93; 29.40; 0.9496; 0.0005; 0.0149; 0.0364; 0.0008; 0.0262; 50.19; 0.20; 6.26; 0.00; 0.00; 0.00; 0.00; 0.00; 0.00; 0
160; 1.0000; 0.0000; 0.0000; 0.0000; 0.5063;      0;      0;      0; 91.76; 1.00; 31.59; 91.76; 1.00; 31.59; 0.9493; 0.0005; 0.0148; 0.0364; 0.0009; 0.0272; 48.74; 0.21; 6.56; 0.00; 0.00; 0.00; 0.00; 0.00; 0.00; 0
161; 1.0000; 0.0000; 0.0000; 0.0000; 0.5063;      0;      0;      0; 95.11; 0.93; 29.26; 95.11; 0.93; 29.26; 0.9424; 0.0006; 0.0176; 0.0400; 0.0009; 0.0287; 37.87; 0.18; 5.71; 0.00; 0.00; 0.00; 0.00; 0.00; 0.00; 0
162; 1.0000; 0.0000; 0.0000; 0.0000; 0.5063; 0.1277; 0.0127; 0.4028; 102.11; 0.93; 29.26; 102.11; 0.93; 29.26; 0.9502; 0.0005; 0.0154; 0.0370; 0.0008; 0.0265; 51.87; 0.18; 5.71; 0.00; 0.00; 0.00; 0.00; 0.00; 0.00; 0
163; 1.0000; 0.0000; 0.0000; 0.0000; 0.5063;      0;      0;      0; 98.11; 0.93; 29.26; 98.11; 0.93; 29.26; 0.9494; 0.0005; 0.0155; 0.0373; 0.0009; 0.0269; 50.22; 0.20; 6.27; 0.00; 0.00; 0.00; 0.00; 0.00; 0.00; 0
164; 1.0000; 0.0000; 0.0000; 0.0000; 0.5063;      0;      0;      0; 93.35; 0.99; 31.45; 93.35; 0.99; 31.45; 0.9489; 0.0005; 0.0157; 0.0374; 0.0009; 0.0276; 48.86; 0.21; 6.73; 0.00; 0.00; 0.00; 0.00; 0.00; 0.00; 0
165; 1.0000; 0.0000; 0.0000; 0.0000; 0.5063;      0;      0;      0; 95.08; 0.98; 30.86; 95.08; 0.98; 30.86; 0.9421; 0.0006; 0.0187; 0.0404; 0.0009; 0.0296; 37.82; 0.19; 6.01; 0.00; 0.00; 0.00; 0.00; 0.00; 0.00; 0
166; 1.0000; 0.0000; 0.0000; 0.0000; 0.5063; 0.1032; 0.0133; 0.4198; 102.08; 0.98; 30.86; 102.08; 0.98; 30.86; 0.9501; 0.0005; 0.0161; 0.0374; 0.0009; 0.0273; 51.82; 0.19; 6.01; 0.00; 0.00; 0.00; 0.00; 0.00; 0.00; 0
167; 1.0000; 0.0000; 0.0000; 0.0000; 0.5063;      0;      0;      0; 98.08; 0.98; 30.86; 98.08; 0.98; 30.86; 0.9493; 0.0005; 0.0162; 0.0376; 0.0009; 0.0279; 50.15; 0.21; 6.52; 0.00; 0.00; 0.00; 0.00; 0.00; 0.00; 0
168; 1.0000; 0.0000; 0.0000; 0.0000; 0.5063;      0;      0;      0; 93.24; 1.05; 33.23; 93.24; 1.05; 33.23; 0.9489; 0.0005; 0.0164; 0.0380; 0.0009; 0.0285; 48.72; 0.22; 6.99; 0.00; 0.00; 0.00; 0.00; 0.00; 0.00; 0
169; 1.0000; 0.0000; 0.0000; 0.0000; 0.5063;      0;      0;      0; 93.81; 0.91; 28.78; 93.81; 0.91; 28.78; 0.9416; 0.0006; 0.0196; 0.0404; 0.0009; 0.0297; 37.67; 0.19; 5.98; 0.00; 0.00; 0.00; 0.00; 0.00; 0.00; 0
170; 1.0000; 0.0000; 0.0000; 0.0000; 0.5063; 0.1038; 0.0127; 0.4011; 100.81; 0.91; 28.78; 100.81; 0.91; 28.78; 0.9497; 0.0005; 0.0169; 0.0374; 0.0009; 0.0274; 51.67; 0.19; 5.98; 0.00; 0.00; 0.00; 0.00; 0.00; 0.00; 0
171; 1.0000; 0.0000; 0.0000; 0.0000; 0.5063;      0;      0;      0; 96.81; 0.91; 28.78; 96.81; 0.91; 28.78; 0.9490; 0.0005; 0.0169; 0.0375; 0.0009; 0.0278; 50.11; 0.20; 6.38; 0.00; 0.00; 0.00; 0.00; 0.00; 0.00; 0
172; 1.0000; 0.0000; 0.0000; 0.0000; 0.5063;      0;      0;      0; 91.98; 0.97; 30.82; 91.98; 0.97; 30.82; 0.9486; 0.0005; 0.0172; 0.0374; 0.0009; 0.0284; 48.73; 0.21; 6.67; 0.00; 0.00; 0.00; 0.00; 0.00; 0.00; 0
173; 1.0000; 0.0000; 0.0000; 0.0000; 0.5063;      0;      0;      0; 93.76; 0.95; 30.00; 93.76; 0.95; 30.00; 0.9424; 0.0006; 0.0186; 0.0402; 0.0010; 0.0302; 37.96; 0.19; 6.03; 0.00; 0.00; 0.00; 0.00; 0.00; 0.00; 0
174; 1.0000; 0.0000; 0.0000; 0.0000; 0.5063; 0.1073; 0.0127; 0.4021; 100.76; 0.95; 30.00; 100.76; 0.95; 30.00; 0.9503; 0.0005; 0.0162; 0.0372; 0.0009; 0.0280; 51.96; 0.19; 6.03; 0.00; 0.00; 0.00; 0.00; 0.00; 0.00; 0
175; 1.0000; 0.0000; 0.0000; 0.0000; 0.5063;      0;      0;      0; 96.76; 0.95; 30.00; 96.76; 0.95; 30.00; 0.9496; 0.0005; 0.0164; 0.0373; 0.0009; 0.0284; 50.30; 0.20; 6.48; 0.00; 0.00; 0.00; 0.00; 0.00; 0.00; 0
176; 1.0000; 0.0000; 0.0000; 0.0000; 0.5063;      0;      0;      0; 91.72; 1.02; 32.20; 91.72; 1.02; 32.20; 0.9493; 0.0005; 0.0163; 0.0373; 0.0009; 0.0289; 48.83; 0.22; 6.86; 0.00; 0.00; 0.00; 0.00; 0.00; 0.00; 0
177; 1.0000; 0.0000; 0.0000; 0.0000; 0.5063;      0;      0;      0; 93.79; 0.93; 29.51; 93.79; 0.93; 29.51; 0.9424; 0.0006; 0.0175; 0.0414; 0.0009; 0.0297; 37.77; 0.19; 5.99; 0.00; 0.00; 0.00; 0.00; 0.00; 0.00; 0
178; 1.0000; 0.0000; 0.0000; 0.0000; 0.5063; 0.1155; 0.0132; 0.4163; 100.79; 0.93; 29.51; 100.79; 0.93; 29.51; 0.9503; 0.0005; 0.0154; 0.0383; 0.0009; 0.0275; 51.77; 0.19; 5.99; 0.00; 0.00; 0.00; 0.00; 0.00; 0.00; 0
179; 1.0000; 0.0000; 0.0000; 0.0000; 0.5063;      0;      0;      0; 96.79; 0.93; 29.51; 96.79; 0.93; 29.51; 0.9497; 0.0005; 0.0155; 0.0384; 0.0009; 0.0279; 50.22; 0.20; 6.38; 0.00; 0.00; 0.00; 0.00; 0.00; 0.00; 0
180; 1.0000; 0.0000; 0.0000; 0.0000; 0.5063;      0;      0;      0; 92.11; 1.00; 31.57; 92.11; 1.00; 31.57; 0.9492; 0.0005; 0.0156; 0.0382; 0.0009; 0.0282; 48.82; 0.21; 6.71; 0.00; 0.00; 0.00; 0.00; 0.00; 0.00; 0
181; 1.0000; 0.0000; 0.0000; 0.0000; 0.5063;      0;      0;      0; 94.90; 0.92; 29.23; 94.90; 0.92; 29.23; 0.9417; 0.0006; 0.0180; 0.0413; 0.0009; 0.0292; 37.82; 0.19; 6.04; 0.00; 0.00; 0.00; 0.00; 0.00; 0.00; 0
182; 1.0000; 0.0000; 0.0000; 0.0000; 0.5063; 0.1219; 0.0133; 0.4209; 101.90; 0.92; 29.23; 101.90; 0.92; 29.23; 0.9497; 0.0005; 0.0154; 0.0382; 0.0009; 0.0270; 51.82; 0.19; 6.04; 0.00; 0.00; 0.00; 0.00; 0.00; 0.00; 0
183; 1.0000; 0.0000; 0.0000; 0.0000; 0.5063;      0;      0;      0; 97.90; 0.92; 29.23; 97.90; 0.92; 29.23; 0.9491; 0.0005; 0.0155; 0.0384; 0.0009; 0.0275; 50.29; 0.20; 6.48; 0.00; 0.00; 0.00; 0.00; 0.00; 0.00; 0
184; 1.0000; 0.0000; 0.0000; 0.0000; 0.5063;      0;      0;      0; 93.19; 1.00; 31.54; 93.19; 1.00; 31.54; 0.9487; 0.0005; 0.0155; 0.0385; 0.0009; 0.0279; 48.92; 0.22; 6.81; 0.00; 0.00; 0.00; 0.00; 0.00; 0.00; 0
185; 1.0000; 0.0000; 0.0000; 0.0000; 0.5063;      0;      0;      0; 96.97; 0.95; 30.02; 96.97; 0.95; 30.02; 0.9422; 0.0005; 0.0173; 0.0416; 0.0009; 0.0294; 37.97; 0.18; 5.83; 0.00; 0.00; 0.00; 0.00; 0.00; 0.00; 0
186; 1.0000; 0.0000; 0.0000; 0.0000; 0.5063; 0.1291; 0.0123; 0.3886; 103.97; 0.95; 30.02; 103.97; 0.95; 30.02; 0.9499; 0.0005; 0.0152; 0.0386; 0.0009; 0.0273; 51.97; 0.18; 5.83; 0.00; 0.00; 0.00; 0.00; 0.00; 0.00; 0
187; 1.0000; 0.0000; 0.0000; 0.0000; 0.5063;      0;      0;      0; 99.97; 0.95; 30.02; 99.97; 0.95; 30.02; 0.9493; 0.0005; 0.0152; 0.0387; 0.0009; 0.0277; 50.43; 0.20; 6.20; 0.00; 0.00; 0.00; 0.00; 0.00; 0.00; 0
188; 1.0000; 0.0000; 0.0000; 0.0000; 0.5063;      0;      0;      0; 95.35; 1.02; 32.11; 95.35; 1.02; 32.11; 0.9489; 0.0005; 0.0153; 0.0389; 0.0009; 0.0284; 49.14; 0.21; 6.57; 0.00; 0.00; 0.00; 0.00; 0.00; 0.00; 0
189; 1.0000; 0.0000; 0.0000; 0.0000; 0.5063;      0;      0;      0; 93.79; 0.93; 29.33; 93.79; 0.93; 29.33; 0.9418; 0.0006; 0.0181; 0.0417; 0.0010; 0.0301; 37.66; 0.19; 5.87; 0.00; 0.00; 0.00; 0.00; 0.00; 0.00; 0
190; 1.0000; 0.0000; 0.0000; 0.0000; 0.5063; 0.0732; 0.0131; 0.4143; 100.79; 0.93; 29.33; 100.79; 0.93; 29.33; 0.9498; 0.0005; 0.0157; 0.0386; 0.0009; 0.0279; 51.66; 0.19; 5.87; 0.00; 0.00; 0.00; 0.00; 0.00; 0.00; 0
191; 1.0000; 0.0000; 0.0000; 0.0000; 0.5063;      0;      0;      0; 96.79; 0.93; 29.33; 96.79; 0.93; 29.33; 0.9491; 0.0005; 0.0158; 0.0387; 0.0009; 0.0281; 50.09; 0.20; 6.28; 0.00; 0.00; 0.00; 0.00; 0.00; 0.00; 0
192; 1.0000; 0.0000; 0.0000; 0.0000; 0.5063;      0;      0;      0; 91.76; 1.00; 31.62; 91.76; 1.00; 31.62; 0.9488; 0.0005; 0.0158; 0.0390; 0.0009; 0.0289; 48.60; 0.21; 6.54; 0.00; 0.00; 0.00; 0.00; 0.00; 0.00; 0
193; 1.0000; 0.0000; 0.0000; 0.0000; 0.5063;      0;      0;      0; 94.54; 0.95; 30.17; 94.54; 0.95; 30.17; 0.9419; 0.0006; 0.0181; 0.0419; 0.0009; 0.0297; 37.83; 0.18; 5.74; 0.00; 0.00; 0.00; 0.00; 0.00; 0.00; 0
194; 1.0000; 0.0000; 0.0000; 0.0000; 0.5063; 0.1183; 0.0131; 0.4142; 101.54; 0.95; 30.17; 101.54; 0.95; 30.17; 0.9498; 0.0005; 0.0160; 0.0388; 0.0009; 0.0274; 51.83; 0.18; 5.74; 0.00; 0.00; 0.00; 0.00; 0.00; 0.00; 0
195; 1.0000; 0.0000; 0.0000; 0.0000; 0.5063;      0;      0;      0; 97.54; 0.95; 30.17; 97.54; 0.95; 30.17; 0.9491; 0.0005; 0.0160; 0.0391; 0.0009; 0.0279; 50.22; 0.20; 6.26; 0.00; 0.00; 0.00; 0.00; 0.00; 0.00; 0
196; 1.0000; 0.0000; 0.0000; 0.0000; 0.5063;      0;      0;      0; 92.71; 1.03; 32.54; 92.71; 1.03; 32.54; 0.9487; 0.0005; 0.0161; 0.0394; 0.0009; 0.0286; 48.70; 0.21; 6.59; 0.00; 0.00; 0.00; 0.00; 0.00; 0.00; 0
197; 1.0000; 0.0000; 0.0000; 0.0000; 0.5063;      0;      0;      0; 94.44; 0.93; 29.29; 94.44; 0.93; 29.29; 0.9415; 0.0006; 0.0180; 0.0403; 0.0009; 0.0288; 37.68; 0.19; 5.90; 0.00; 0.00; 0.00; 0.00; 0.00; 0.00; 0
198; 1.0000; 0.0000; 0.0000; 0.0000; 0.5063; 0.1126; 0.0133; 0.4211; 101.44; 0.93; 29.29; 101.44; 0.93; 29.29; 0.9496; 0.0005; 0.0154; 0.0373; 0.0008; 0.0267; 51.68; 0.19; 5.90; 0.00; 0.00; 0.00; 0.00; 0.00; 0.00; 0
199; 1.0000; 0.0000; 0.0000; 0.0000; 0.5063;      0;      0;      0; 97.44; 0.93; 29.29; 97.44; 0.93; 29.29; 0.9489; 0.0005; 0.0156; 0.0376; 0.0009; 0.0271; 50.07; 0.20; 6.33; 0.00; 0.00; 0.00; 0.00; 0.00; 0.00; 0
200; 1.0000; 0.0000; 0.0000; 0.0000; 0.5063;      0;      0;      0; 92.69; 1.00; 31.50; 92.69; 1.00; 31.50; 0.9487; 0.0005; 0.0155; 0.0375; 0.0009; 0.0276; 48.71; 0.21; 6.66; 0.00; 0.00; 0.00; 0.00; 0.00; 0.00; 0
201; 1.0000; 0.0000; 0.0000; 0.0000; 0.5063;      0;      0;      0; 95.31; 0.92; 29.12; 95.31; 0.92; 29.12; 0.9412; 0.0006; 0.0182; 0.0416; 0.0009; 0.0298; 37.90; 0.19; 6.05; 0.00; 0.00; 0.00; 0.00; 0.00; 0.00; 0
202; 1.0000; 0.0000; 0.0000; 0.0000; 0.5063; 0.1181; 0.0132; 0.4184; 102.31; 0.92; 29.12; 102.31; 0.92; 29.12; 0.9492; 0.0005; 0.0158; 0.0385; 0.0009; 0.0276; 51.90; 0.19; 6.05; 0.00; 0.00; 0.00; 0.00; 0.00; 0.00; 0
203; 1.0000; 0.0000; 0.0000; 0.0000; 0.5063;      0;      0;      0; 98.31; 0.92; 29.12; 98.31; 0.92; 29.12; 0.9484; 0.0005; 0.0160; 0.0386; 0.0009; 0.0277; 50.19; 0.21; 6.56; 0.00; 0.00; 0.00; 0.00; 0.00; 0.00; 0
204; 1.0000; 0.0000; 0.0000; 0.0000; 0.5063;      0;      0;      0; 93.50; 0.99; 31.42; 93.50; 0.99; 31.42; 0.9480; 0.0005; 0.0161; 0.0384; 0.0009; 0.0281; 48.80; 0.22; 6.96; 0.00; 0.00; 0.00; 0.00; 0.00; 0.00; 0
205; 1.0000; 0.0000; 0.0000; 0.0000; 0.5063;      0;      0;      0; 95.60; 0.97; 30.58; 95.60; 0.97; 30.58; 0.9414; 0.0006; 0.0181; 0.0412; 0.0009; 0.0297; 37.70; 0.19; 6.03; 0.00; 0.00; 0.00; 0.00; 0.00; 0.00; 0
206; 1.0000; 0.0000; 0.0000; 0.0000; 0.5063; 0.1087; 0.0132; 0.4178; 102.60; 0.97; 30.58; 102.60; 0.97; 30.58; 0.9494; 0.0005; 0.0158; 0.0382; 0.0009; 0.0276; 51.70; 0.19; 6.03; 0.00; 0.00; 0.00; 0.00; 0.00; 0.00; 0
207; 1.0000; 0.0000; 0.0000; 0.0000; 0.5063;      0;      0;      0; 98.60; 0.97; 30.58; 98.60; 0.97; 30.58; 0.9486; 0.0005; 0.0160; 0.0384; 0.0009; 0.0279; 50.08; 0.21; 6.51; 0.00; 0.00; 0.00; 0.00; 0.00; 0.00; 0
208; 1.0000; 0.0000; 0.0000; 0.0000; 0.5063;      0;      0;      0; 93.90; 1.04; 32.79; 93.90; 1.04; 32.79; 0.9482; 0.0005; 0.0162; 0.0381; 0.0009; 0.0285; 48.72; 0.22; 6.89; 0.00; 0.00; 0.00; 0.00; 0.00; 0.00; 0
209; 1.0000; 0.0000; 0.0000; 0.0000; 0.5063;      0;      0;      0; 95.00; 0.96; 30.42; 95.00; 0.96; 30.42; 0.9410; 0.0006; 0.0181; 0.0410; 0.0010; 0.0306; 37.73; 0.19; 6.02; 0.00; 0.00; 0.00; 0.00; 0.00; 0.00; 0
210; 1.0000; 0.0000; 0.0000; 0.0000; 0.5063; 0.1025; 0.0130; 0.4125; 102.00; 0.96; 30.42; 102.00; 0.96; 30.42; 0.9490; 0.0005; 0.0157; 0.0380; 0.0009; 0.0283; 51.73; 0.19; 6.02; 0.00; 0.00; 0.00; 0.00; 0.00; 0.00; 0
211; 1.0000; 0.0000; 0.0000; 0.0000; 0.5063;      0;      0;      0; 98.00; 0.96; 30.42; 98.00; 0.96; 30.42; 0.9484; 0.0005; 0.0157; 0.0382; 0.0009; 0.0288; 50.06; 0.20; 6.47; 0.00; 0.00; 0.00; 0.00; 0.00; 0.00; 0
212; 1.0000; 0.0000; 0.0000; 0.0000; 0.5063;      0;      0;      0; 93.11; 1.03; 32.68; 93.11; 1.03; 32.68; 0.9478; 0.0005; 0.0159; 0.0381; 0.0009; 0.0294; 48.56; 0.22; 6.88; 0.00; 0.00; 0.00; 0.00; 0.00; 0.00; 0
213; 1.0000; 0.0000; 0.0000; 0.0000; 0.5063;      0;      0;      0; 94.77; 0.90; 28.38; 94.77; 0.90; 28.38; 0.9409; 0.0006; 0.0182; 0.0413; 0.0010; 0.0312; 37.48; 0.20; 6.21; 0.00; 0.00; 0.00; 0.00; 0.00; 0.00; 0
214; 1.0000; 0.0000; 0.0000; 0.0000; 0.5063; 0.1136; 0.0132; 0.4164; 101.77; 0.90; 28.38; 101.77; 0.90; 28.38; 0.9490; 0.0005; 0.0154; 0.0382; 0.0009; 0.0287; 51.48; 0.20; 6.21; 0.00; 0.00; 0.00; 0.00; 0.00; 0.00; 0
215; 1.0000; 0.0000; 0.0000; 0.0000; 0.5063;      0;      0;      0; 97.77; 0.90; 28.38; 97.77; 0.90; 28.38; 0.9483; 0.0005; 0.0157; 0.0383; 0.0009; 0.0290; 49.86; 0.21; 6.68; 0.00; 0.00; 0.00; 0.00; 0.00; 0.00; 0
216; 1.0000; 0.0000; 0.0000; 0.0000; 0.5063;      0;      0;      0; 93.15; 0.96; 30.45; 93.15; 0.96; 30.45; 0.9480; 0.0005; 0.0157; 0.0382; 0.0009; 0.0296; 48.59; 0.22; 6.90; 0.00; 0.00; 0.00; 0.00; 0.00; 0.00; 0
217; 1.0000; 0.0000; 0.0000; 0.0000; 0.5063;      0;      0;      0; 94.48; 0.92; 29.06; 94.48; 0.92; 29.06; 0.9413; 0.0006; 0.0180; 0.0411; 0.0009; 0.0300; 37.64; 0.19; 5.97; 0.00; 0.00; 0.00; 0.00; 0.00; 0.00; 0
218; 1.0000; 0.0000; 0.0000; 0.0000; 0.5063; 0.1017; 0.0125; 0.3969; 101.48; 0.92; 29.06; 101.48; 0.92; 29.06; 0.9494; 0.0005; 0.0155; 0.0380; 0.0009; 0.0276; 51.64; 0.19; 5.97; 0.00; 0.00; 0.00; 0.00; 0.00; 0.00; 0
219; 1.0000; 0.0000; 0.0000; 0.0000; 0.5063;      0;      0;      0; 97.48; 0.92; 29.06; 97.48; 0.92; 29.06; 0.9486; 0.0005; 0.0158; 0.0381; 0.0009; 0.0282; 50.03; 0.20; 6.44; 0.00; 0.00; 0.00; 0.00; 0.00; 0.00; 0
220; 1.0000; 0.0000; 0.0000; 0.0000; 0.5063;      0;      0;      0; 92.52; 0.99; 31.19; 92.52; 0.99; 31.19; 0.9483; 0.0005; 0.0157; 0.0381; 0.0009; 0.0287; 48.64; 0.21; 6.75; 0.00; 0.00; 0.00; 0.00; 0.00; 0.00; 0
221; 1.0000; 0.0000; 0.0000; 0.0000; 0.5063;      0;      0;      0; 93.58; 0.91; 28.92; 93.58; 0.91; 28.92; 0.9417; 0.0005; 0.0170; 0.0404; 0.0009; 0.0285; 37.61; 0.19; 5.96; 0.00; 0.00; 0.00; 0.00; 0.00; 0.00; 0
222; 1.0000; 0.0000; 0.0000; 0.0000; 0.5063; 0.1022; 0.0128; 0.4053; 100.58; 0.91; 28.92; 100.58; 0.91; 28.92; 0.9497; 0.0005; 0.0149; 0.0373; 0.0008; 0.0265; 51.61; 0.19; 5.96; 0.00; 0.00; 0.00; 0.00; 0.00; 0.00; 0
223; 1.0000; 0.0000; 0.0000; 0.0000; 0.5063;      0;      0;      0; 96.58; 0.91; 28.92; 96.58; 0.91; 28.92; 0.9490; 0.0005; 0.0150; 0.0376; 0.0009; 0.0270; 49.95; 0.20; 6.33; 0.00; 0.00; 0.00; 0.00; 0.00; 0.00; 0
224; 1.0000; 0.0000; 0.0000; 0.0000; 0.5063;      0;      0;      0; 91.64; 0.98; 31.07; 91.64; 0.98; 31.07; 0.9486; 0.0005; 0.0150; 0.0377; 0.0009; 0.0277; 48.52; 0.22; 6.81; 0.00; 0.00; 0.00; 0.00; 0.00; 0.00; 0
225; 1.0000; 0.0000; 0.0000; 0.0000; 0.5063;      0;      0;      0; 93.68; 0.92; 28.96; 93.68; 0.92; 28.96; 0.9418; 0.0005; 0.0168; 0.0412; 0.0009; 0.0299; 37.67; 0.18; 5.63; 0.00; 0.00; 0.00; 0.00; 0.00; 0.00; 0
226; 1.0000; 0.0000; 0.0000; 0.0000; 0.5063; 0.1147; 0.0131; 0.4132; 100.68; 0.92; 28.96; 100.68; 0.92; 28.96; 0.9498; 0.0005; 0.0147; 0.0381; 0.0009; 0.0278; 51.67; 0.18; 5.63; 0.00; 0.00; 0.00; 0.00; 0.00; 0.00; 0
227; 1.0000; 0.0000; 0.0000; 0.0000; 0.5063;      0;      0;      0; 96.68; 0.92; 28.96; 96.68; 0.92; 28.96; 0.9491; 0.0005; 0.0148; 0.0384; 0.0009; 0.0283; 50.08; 0.19; 6.07; 0.00; 0.00; 0.00; 0.00; 0.00; 0.00; 0
228; 1.0000; 0.0000; 0.0000; 0.0000; 0.5063;      0;      0;      0; 91.83; 0.98; 30.99; 91.83; 0.98; 30.99; 0.9488; 0.0005; 0.0149; 0.0384; 0.0009; 0.0287; 48.69; 0.20; 6.38; 0.00; 0.00; 0.00; 0.00; 0.00; 0.00; 0
229; 1.0000; 0.0000; 0.0000; 0.0000; 0.5063;      0;      0;      0; 92.62; 0.91; 28.73; 92.62; 0.91; 28.73; 0.9417; 0.0006; 0.0176; 0.0408; 0.0010; 0.0310; 37.63; 0.19; 6.00; 0.00; 0.00; 0.00; 0.00; 0.00; 0.00; 0
230; 1.0000; 0.0000; 0.0000; 0.0000; 0.5063; 0.0997; 0.0127; 0.4014; 99.62; 0.91; 28.73; 99.62; 0.91; 28.73; 0.9497; 0.0005; 0.0153; 0.0378; 0.0009; 0.0286; 51.63; 0.19; 6.00; 0.00; 0.00; 0.00; 0.00; 0.00; 0.00; 0
231; 1.0000; 0.0000; 0.0000; 0.0000; 0.5063;      0;      0;      0; 95.62; 0.91; 28.73; 95.62; 0.91; 28.73; 0.9490; 0.0005; 0.0153; 0.0379; 0.0009; 0.0288; 49.97; 0.21; 6.50; 0.00; 0.00; 0.00; 0.00; 0.00; 0.00; 0
232; 1.0000; 0.0000; 0.0000; 0.0000; 0.5063;      0;      0;      0; 90.85; 0.98; 30.83; 90.85; 0.98; 30.83; 0.9486; 0.0005; 0.0154; 0.0380; 0.0009; 0.0292; 48.56; 0.22; 6.84; 0.00; 0.00; 0.00; 0.00; 0.00; 0.00; 0
233; 1.0000; 0.0000; 0.0000; 0.0000; 0.5063;      0;      0;      0; 92.06; 0.91; 28.90; 92.06; 0.91; 28.90; 0.9424; 0.0005; 0.0171; 0.0401; 0.0010; 0.0303; 38.03; 0.19; 5.97; 0.00; 0.00; 0.00; 0.00; 0.00; 0.00; 0
234; 1.0000; 0.0000; 0.0000; 0.0000; 0.5063; 0.1037; 0.0130; 0.4123; 99.06; 0.91; 28.90; 99.06; 0.91; 28.90; 0.9505; 0.0005; 0.0149; 0.0370; 0.0009; 0.0279; 52.03; 0.19; 5.97; 0.00; 0.00; 0.00; 0.00; 0.00; 0.00; 0
235; 1.0000; 0.0000; 0.0000; 0.0000; 0.5063;      0;      0;      0; 95.06; 0.91; 28.90; 95.06; 0.91; 28.90; 0.9497; 0.0005; 0.0149; 0.0372; 0.0009; 0.0283; 50.28; 0.20; 6.40; 0.00; 0.00; 0.00; 0.00; 0.00; 0.00; 0
236; 1.0000; 0.0000; 0.0000; 0.0000; 0.5063;      0;      0;      0; 90.17; 0.99; 31.17; 90.17; 0.99; 31.17; 0.9494; 0.0005; 0.0148; 0.0370; 0.0009; 0.0287; 48.88; 0.22; 6.87; 0.00; 0.00; 0.00; 0.00; 0.00; 0.00; 0
237; 1.0000; 0.0000; 0.0000; 0.0000; 0.5063;      0;      0;      0; 94.81; 0.96; 30.23; 94.81; 0.96; 30.23; 0.9428; 0.0005; 0.0171; 0.0393; 0.0009; 0.0292; 38.25; 0.19; 5.87; 0.00; 0.00; 0.00; 0.00; 0.00; 0.00; 0
238; 1.0000; 0.0000; 0.0000; 0.0000; 0.5063; 0.1401; 0.0129; 0.4065; 101.81; 0.96; 30.23; 101.81; 0.96; 30.23; 0.9506; 0.0005; 0.0150; 0.0364; 0.0009; 0.0270; 52.25; 0.19; 5.87; 0.00; 0.00; 0.00; 0.00; 0.00; 0.00; 0
239; 1.0000; 0.0000; 0.0000; 0.0000; 0.5063;      0;      0;      0; 97.81; 0.96; 30.23; 97.81; 0.96; 30.23; 0.9499; 0.0005; 0.0150; 0.0366; 0.0009; 0.0274; 50.63; 0.20; 6.34; 0.00; 0.00; 0.00; 0.00; 0.00; 0.00; 0
240; 1.0000; 0.0000; 0.0000; 0.0000; 0.5063;      0;      0;      0; 93.12; 1.02; 32.38; 93.12; 1.02; 32.38; 0.9496; 0.0005; 0.0151; 0.0367; 0.0009; 0.0281; 49.26; 0.21; 6.67; 0.00; 0.00; 0.00; 0.00; 0.00; 0.00; 0
241; 1.0000; 0.0000; 0.0000; 0.0000; 0.5063;      0;      0;      0; 94.01; 0.92; 29.03; 94.01; 0.92; 29.03; 0.9427; 0.0006; 0.0175; 0.0392; 0.0008; 0.0268; 38.13; 0.18; 5.80; 0.00; 0.00; 0.00; 0.00; 0.00; 0.00; 0
242; 1.0000; 0.0000; 0.0000; 0.0000; 0.5063; 0.1039; 0.0131; 0.4150; 101.01; 0.92; 29.03; 101.01; 0.92; 29.03; 0.9505; 0.0005; 0.0153; 0.0363; 0.0008; 0.0248; 52.13; 0.18; 5.80; 0.00; 0.00; 0.00; 0.00; 0.00; 0.00; 0
243; 1.0000; 0.0000; 0.0000; 0.0000; 0.5063;      0;      0;      0; 97.01; 0.92; 29.03; 97.01; 0.92; 29.03; 0.9498; 0.0005; 0.0156; 0.0364; 0.0008; 0.0252; 50.49; 0.20; 6.29; 0.00; 0.00; 0.00; 0.00; 0.00; 0.00; 0
244; 1.0000; 0.0000; 0.0000; 0.0000; 0.5063;      0;      0;      0; 92.17; 0.99; 31.16; 92.17; 0.99; 31.16; 0.9494; 0.0005; 0.0158; 0.0362; 0.0008; 0.0258; 49.07; 0.21; 6.63; 0.00; 0.00; 0.00; 0.00; 0.00; 0.00; 0
245; 1.0000; 0.0000; 0.0000; 0.0000; 0.5063;      0;      0;      0; 94.67; 0.95; 29.94; 94.67; 0.95; 29.94; 0.9425; 0.0006; 0.0198; 0.0392; 0.0009; 0.0297; 38.01; 0.19; 5.95; 0.00; 0.00; 0.00; 0.00; 0.00; 0.00; 0
246; 1.0000; 0.0000; 0.0000; 0.0000; 0.5063; 0.1139; 0.0127; 0.4026; 101.67; 0.95; 29.94; 101.67; 0.95; 29.94; 0.9503; 0.0005; 0.0172; 0.0363; 0.0009; 0.0275; 52.01; 0.19; 5.95; 0.00; 0.00; 0.00; 0.00; 0.00; 0.00; 0
247; 1.0000; 0.0000; 0.0000; 0.0000; 0.5063;      0;      0;      0; 97.67; 0.95; 29.94; 97.67; 0.95; 29.94; 0.9495; 0.0005; 0.0173; 0.0363; 0.0009; 0.0275; 50.22; 0.20; 6.42; 0.00; 0.00; 0.00; 0.00; 0.00; 0.00; 0
248; 1.0000; 0.0000; 0.0000; 0.0000; 0.5063;      0;      0;      0; 92.76; 1.02; 32.21; 92.76; 1.02; 32.21; 0.9491; 0.0005; 0.0173; 0.0361; 0.0009; 0.0284; 48.78; 0.22; 6.83; 0.00; 0.00; 0.00; 0.00; 0.00; 0.00; 0
249; 1.0000; 0.0000; 0.0000; 0.0000; 0.5063;      0;      0;      0; 95.03; 0.95; 30.12; 95.03; 0.95; 30.12; 0.9421; 0.0006; 0.0195; 0.0402; 0.0010; 0.0314; 37.85; 0.18; 5.84; 0.00; 0.00; 0.00; 0.00; 0.00; 0.00; 0
250; 1.0000; 0.0000; 0.0000; 0.0000; 0.5063; 0.1153; 0.0131; 0.4136; 102.03; 0.95; 30.12; 102.03; 0.95; 30.12; 0.9500; 0.0005; 0.0170; 0.0372; 0.0009; 0.0291; 51.85; 0.18; 5.84; 0.00; 0.00; 0.00; 0.00; 0.00; 0.00; 0
251; 1.0000; 0.0000; 0.0000; 0.0000; 0.5063;      0;      0;      0; 98.03; 0.95; 30.12; 98.03; 0.95; 30.12; 0.9493; 0.0005; 0.0171; 0.0374; 0.0009; 0.0296; 50.26; 0.20; 6.34; 0.00; 0.00; 0.00; 0.00; 0.00; 0.00; 0
252; 1.0000; 0.0000; 0.0000; 0.0000; 0.5063;      0;      0;      0; 93.34; 1.02; 32.17; 93.34; 1.02; 32.17; 0.9488; 0.0005; 0.0172; 0.0375; 0.0010; 0.0305; 48.83; 0.21; 6.79; 0.00; 0.00; 0.00; 0.00; 0.00; 0.00; 0
253; 1.0000; 0.0000; 0.0000; 0.0000; 0.5063;      0;      0;      0; 94.65; 0.98; 30.89; 94.65; 0.98; 30.89; 0.9417; 0.0006; 0.0194; 0.0410; 0.0010; 0.0315; 37.68; 0.18; 5.81; 0.00; 0.00; 0.00; 0.00; 0.00; 0.00; 0
254; 1.0000; 0.0000; 0.0000; 0.0000; 0.5063; 0.1034; 0.0129; 0.4093; 101.65; 0.98; 30.89; 101.65; 0.98; 30.89; 0.9497; 0.0005; 0.0169; 0.0379; 0.0009; 0.0291; 51.68; 0.18; 5.81; 0.00; 0.00; 0.00; 0.00; 0.00; 0.00; 0
255; 1.0000; 0.0000; 0.0000; 0.0000; 0.5063;      0;      0;      0; 97.65; 0.98; 30.89; 97.65; 0.98; 30.89; 0.9490; 0.0005; 0.0171; 0.0379; 0.0009; 0.0295; 50.10; 0.20; 6.18; 0.00; 0.00; 0.00; 0.00; 0.00; 0.00; 0
256; 1.0000; 0.0000; 0.0000; 0.0000; 0.5063;      0;      0;      0; 92.84; 1.05; 33.11; 92.84; 1.05; 33.11; 0.9487; 0.0005; 0.0170; 0.0380; 0.0009; 0.0299; 48.71; 0.20; 6.43; 0.00; 0.00; 0.00; 0.00; 0.00; 0.00; 0
257; 1.0000; 0.0000; 0.0000; 0.0000; 0.5063;      0;      0;      0; 93.01; 0.93; 29.35; 93.01; 0.93; 29.35; 0.9419; 0.0006; 0.0178; 0.0407; 0.0010; 0.0306; 37.75; 0.18; 5.79; 0.00; 0.00; 0.00; 0.00; 0.00; 0.00; 0
258; 1.0000; 0.0000; 0.0000; 0.0000; 0.5063; 0.0981; 0.0133; 0.4210; 100.01; 0.93; 29.35; 100.01; 0.93; 29.35; 0.9499; 0.0005; 0.0156; 0.0376; 0.0009; 0.0283; 51.75; 0.18; 5.79; 0.00; 0.00; 0.00; 0.00; 0.00; 0.00; 0
259; 1.0000; 0.0000; 0.0000; 0.0000; 0.5063;      0;      0;      0; 96.01; 0.93; 29.35; 96.01; 0.93; 29.35; 0.9491; 0.0005; 0.0157; 0.0378; 0.0009; 0.0288; 49.97; 0.20; 6.27; 0.00; 0.00; 0.00; 0.00; 0.00; 0.00; 0
260; 1.0000; 0.0000; 0.0000; 0.0000; 0.5063;      0;      0;      0; 91.02; 1.00; 31.65; 91.02; 1.00; 31.65; 0.9487; 0.0005; 0.0156; 0.0378; 0.0009; 0.0292; 48.49; 0.21; 6.74; 0.00; 0.00; 0.00; 0.00; 0.00; 0.00; 0
261; 1.0000; 0.0000; 0.0000; 0.0000; 0.5063;      0;      0;      0; 93.69; 0.92; 29.07; 93.69; 0.92; 29.07; 0.9420; 0.0006; 0.0176; 0.0406; 0.0009; 0.0299; 37.88; 0.18; 5.79; 0.00; 0.00; 0.00; 0.00; 0.00; 0.00; 0
262; 1.0000; 0.0000; 0.0000; 0.0000; 0.5063; 0.1224; 0.0129; 0.4066; 100.69; 0.92; 29.07; 100.69; 0.92; 29.07; 0.9500; 0.0005; 0.0154; 0.0376; 0.0009; 0.0276; 51.88; 0.18; 5.79; 0.00; 0.00; 0.00; 0.00; 0.00; 0.00; 0
263; 1.0000; 0.0000; 0.0000; 0.0000; 0.5063;      0;      0;      0; 96.69; 0.92; 29.07; 96.69; 0.92; 29.07; 0.9493; 0.0005; 0.0155; 0.0379; 0.0009; 0.0281; 50.22; 0.20; 6.31; 0.00; 0.00; 0.00; 0.00; 0.00; 0.00; 0
264; 1.0000; 0.0000; 0.0000; 0.0000; 0.5063;      0;      0;      0; 91.78; 0.99; 31.18; 91.78; 0.99; 31.18; 0.9489; 0.0005; 0.0154; 0.0380; 0.0009; 0.0288; 48.81; 0.21; 6.63; 0.00; 0.00; 0.00; 0.00; 0.00; 0.00; 0
265; 1.0000; 0.0000; 0.0000; 0.0000; 0.5063;      0;      0;      0; 94.52; 0.93; 29.50; 94.52; 0.93; 29.50; 0.9423; 0.0006; 0.0179; 0.0402; 0.0009; 0.0290; 37.84; 0.18; 5.78; 0.00; 0.00; 0.00; 0.00; 0.00; 0.00; 0
266; 1.0000; 0.0000; 0.0000; 0.0000; 0.5063; 0.1173; 0.0126; 0.3980; 101.52; 0.93; 29.50; 101.52; 0.93; 29.50; 0.9501; 0.0005; 0.0156; 0.0372; 0.0008; 0.0268; 51.84; 0.18; 5.78; 0.00; 0.00; 0.00; 0.00; 0.00; 0.00; 0
267; 1.0000; 0.0000; 0.0000; 0.0000; 0.5063;      0;      0;      0; 97.52; 0.93; 29.50; 97.52; 0.93; 29.50; 0.9493; 0.0005; 0.0155; 0.0376; 0.0009; 0.0271; 50.09; 0.20; 6.22; 0.00; 0.00; 0.00; 0.00; 0.00; 0.00; 0
268; 1.0000; 0.0000; 0.0000; 0.0000; 0.5063;      0;      0;      0; 92.75; 1.00; 31.69; 92.75; 1.00; 31.69; 0.9490; 0.0005; 0.0155; 0.0376; 0.0009; 0.0277; 48.68; 0.21; 6.65; 0.00; 0.00; 0.00; 0.00; 0.00; 0.00; 0
269; 1.0000; 0.0000; 0.0000; 0.0000; 0.5063;      0;      0;      0; 92.54; 0.94; 29.65; 92.54; 0.94; 29.65; 0.9421; 0.0005; 0.0166; 0.0394; 0.0009; 0.0280; 37.66; 0.18; 5.76; 0.00; 0.00; 0.00; 0.00; 0.00; 0.00; 0
270; 1.0000; 0.0000; 0.0000; 0.0000; 0.5063; 0.0882; 0.0126; 0.3984; 99.54; 0.94; 29.65; 99.54; 0.94; 29.65; 0.9502; 0.0005; 0.0146; 0.0364; 0.0008; 0.0259; 51.66; 0.18; 5.76; 0.00; 0.00; 0.00; 0.00; 0.00; 0.00; 0
271; 1.0000; 0.0000; 0.0000; 0.0000; 0.5063;      0;      0;      0; 95.54; 0.94; 29.65; 95.54; 0.94; 29.65; 0.9493; 0.0005; 0.0147; 0.0368; 0.0008; 0.0266; 49.85; 0.20; 6.22; 0.00; 0.00; 0.00; 0.00; 0.00; 0.00; 0
272; 1.0000; 0.0000; 0.0000; 0.0000; 0.5063;      0;      0;      0; 90.42; 1.01; 31.86; 90.42; 1.01; 31.86; 0.9490; 0.0005; 0.0147; 0.0364; 0.0009; 0.0271; 48.31; 0.21; 6.59; 0.00; 0.00; 0.00; 0.00; 0.00; 0.00; 0
273; 1.0000; 0.0000; 0.0000; 0.0000; 0.5063;      0;      0;      0; 93.74; 0.95; 29.91; 93.74; 0.95; 29.91; 0.9421; 0.0005; 0.0166; 0.0396; 0.0009; 0.0297; 37.58; 0.18; 5.78; 0.00; 0.00; 0.00; 0.00; 0.00; 0.00; 0
274; 1.0000; 0.0000; 0.0000; 0.0000; 0.5063; 0.1307; 0.0126; 0.3981; 100.74; 0.95; 29.91; 100.74; 0.95; 29.91; 0.9501; 0.0005; 0.0144; 0.0367; 0.0009; 0.0274; 51.58; 0.18; 5.78; 0.00; 0.00; 0.00; 0.00; 0.00; 0.00; 0
275; 1.0000; 0.0000; 0.0000; 0.0000; 0.5063;      0;      0;      0; 96.74; 0.95; 29.91; 96.74; 0.95; 29.91; 0.9494; 0.0005; 0.0145; 0.0367; 0.0009; 0.0277; 49.95; 0.20; 6.25; 0.00; 0.00; 0.00; 0.00; 0.00; 0.00; 0
276; 1.0000; 0.0000; 0.0000; 0.0000; 0.5063;      0;      0;      0; 91.68; 1.02; 32.20; 91.68; 1.02; 32.20; 0.9491; 0.0005; 0.0146; 0.0365; 0.0009; 0.0281; 48.50; 0.21; 6.60; 0.00; 0.00; 0.00; 0.00; 0.00; 0.00; 0
277; 1.0000; 0.0000; 0.0000; 0.0000; 0.5063;      0;      0;      0; 95.05; 0.92; 29.09; 95.05; 0.92; 29.09; 0.9423; 0.0005; 0.0163; 0.0393; 0.0009; 0.0277; 37.78; 0.18; 5.85; 0.00; 0.00; 0.00; 0.00; 0.00; 0.00; 0
278; 1.0000; 0.0000; 0.0000; 0.0000; 0.5063; 0.1293; 0.0126; 0.3995; 102.05; 0.92; 29.09; 102.05; 0.92; 29.09; 0.9501; 0.0005; 0.0143; 0.0364; 0.0008; 0.0255; 51.78; 0.18; 5.85; 0.00; 0.00; 0.00; 0.00; 0.00; 0.00; 0
279; 1.0000; 0.0000; 0.0000; 0.0000; 0.5063;      0;      0;      0; 98.05; 0.92; 29.09; 98.05; 0.92; 29.09; 0.9494; 0.0005; 0.0144; 0.0364; 0.0008; 0.0259; 50.17; 0.20; 6.34; 0.00; 0.00; 0.00; 0.00; 0.00; 0.00; 0
280; 1.0000; 0.0000; 0.0000; 0.0000; 0.5063;      0;      0;      0; 93.29; 0.99; 31.34; 93.29; 0.99; 31.34; 0.9490; 0.0005; 0.0146; 0.0364; 0.0008; 0.0267; 48.80; 0.21; 6.69; 0.00; 0.00; 0.00; 0.00; 0.00; 0.00; 0
281; 1.0000; 0.0000; 0.0000; 0.0000; 0.5063;      0;      0;      0; 94.55; 0.96; 30.22; 94.55; 0.96; 30.22; 0.9427; 0.0005; 0.0163; 0.0387; 0.0009; 0.0279; 37.72; 0.19; 5.85; 0.00; 0.00; 0.00; 0.00; 0.00; 0.00; 0
282; 1.0000; 0.0000; 0.0000; 0.0000; 0.5063; 0.1005; 0.0131; 0.4140; 101.55; 0.96; 30.22; 101.55; 0.96; 30.22; 0.9505; 0.0004; 0.0142; 0.0359; 0.0008; 0.0259; 51.72; 0.19; 5.85; 0.00; 0.00; 0.00; 0.00; 0.00; 0.00; 0
283; 1.0000; 0.0000; 0.0000; 0.0000; 0.5063;      0;      0;      0; 97.55; 0.96; 30.22; 97.55; 0.96; 30.22; 0.9497; 0.0004; 0.0142; 0.0360; 0.0008; 0.0260; 50.03; 0.20; 6.41; 0.00; 0.00; 0.00; 0.00; 0.00; 0.00; 0
284; 1.0000; 0.0000; 0.0000; 0.0000; 0.5063;      0;      0;      0; 92.75; 1.03; 32.50; 92.75; 1.03; 32.50; 0.9494; 0.0005; 0.0144; 0.0361; 0.0008; 0.0268; 48.67; 0.22; 6.82; 0.00; 0.00; 0.00; 0.00; 0.00; 0.00; 0
285; 1.0000; 0.0000; 0.0000; 0.0000; 0.5063;      0;      0;      0; 93.59; 0.95; 30.16; 93.59; 0.95; 30.16; 0.9431; 0.0005; 0.0155; 0.0382; 0.0008; 0.0264; 37.64; 0.18; 5.79; 0.00; 0.00; 0.00; 0.00; 0.00; 0.00; 0
286; 1.0000; 0.0000; 0.0000; 0.0000; 0.5063; 0.1024; 0.0132; 0.4185; 100.59; 0.95; 30.16; 100.59; 0.95; 30.16; 0.9509; 0.0004; 0.0135; 0.0353; 0.0008; 0.0243; 51.64; 0.18; 5.79; 0.00; 0.00; 0.00; 0.00; 0.00; 0.00; 0
287; 1.0000; 0.0000; 0.0000; 0.0000; 0.5063;      0;      0;      0; 96.59; 0.95; 30.16; 96.59; 0.95; 30.16; 0.9502; 0.0004; 0.0136; 0.0352; 0.0008; 0.0244; 49.95; 0.20; 6.27; 0.00; 0.00; 0.00; 0.00; 0.00; 0.00; 0
288; 1.0000; 0.0000; 0.0000; 0.0000; 0.5063;      0;      0;      0; 91.65; 1.02; 32.36; 91.65; 1.02; 32.36; 0.9497; 0.0004; 0.0136; 0.0353; 0.0008; 0.0253; 48.47; 0.21; 6.68; 0.00; 0.00; 0.00; 0.00; 0.00; 0.00; 0
289; 1.0000; 0.0000; 0.0000; 0.0000; 0.5063;      0;      0;      0; 93.24; 0.90; 28.44; 93.24; 0.90; 28.44; 0.9433; 0.0005; 0.0152; 0.0383; 0.0008; 0.0262; 37.98; 0.18; 5.73; 0.00; 0.00; 0.00; 0.00; 0.00; 0.00; 0
290; 1.0000; 0.0000; 0.0000; 0.0000; 0.5063; 0.1144; 0.0127; 0.4011; 100.24; 0.90; 28.44; 100.24; 0.90; 28.44; 0.9511; 0.0004; 0.0132; 0.0354; 0.0008; 0.0242; 51.98; 0.18; 5.73; 0.00; 0.00; 0.00; 0.00; 0.00; 0.00; 0
291; 1.0000; 0.0000; 0.0000; 0.0000; 0.5063;      0;      0;      0; 96.24; 0.90; 28.44; 96.24; 0.90; 28.44; 0.9504; 0.0004; 0.0133; 0.0355; 0.0008; 0.0247; 50.33; 0.19; 6.05; 0.00; 0.00; 0.00; 0.00; 0.00; 0.00; 0
292; 1.0000; 0.0000; 0.0000; 0.0000; 0.5063;      0;      0;      0; 91.17; 0.97; 30.59; 91.17; 0.97; 30.59; 0.9500; 0.0004; 0.0135; 0.0360; 0.0008; 0.0257; 48.92; 0.20; 6.41; 0.00; 0.00; 0.00; 0.00; 0.00; 0.00; 0
293; 1.0000; 0.0000; 0.0000; 0.0000; 0.5063;      0;      0;      0; 96.15; 0.93; 29.49; 96.15; 0.93; 29.49; 0.9430; 0.0005; 0.0162; 0.0390; 0.0009; 0.0274; 38.11; 0.18; 5.71; 0.00; 0.00; 0.00; 0.00; 0.00; 0.00; 0
294; 1.0000; 0.0000; 0.0000; 0.0000; 0.5063; 0.1410; 0.0123; 0.3892; 103.15; 0.93; 29.49; 103.15; 0.93; 29.49; 0.9506; 0.0004; 0.0142; 0.0362; 0.0008; 0.0255; 52.11; 0.18; 5.71; 0.00; 0.00; 0.00; 0.00; 0.00; 0.00; 0
295; 1.0000; 0.0000; 0.0000; 0.0000; 0.5063;      0;      0;      0; 99.15; 0.93; 29.49; 99.15; 0.93; 29.49; 0.9500; 0.0004; 0.0142; 0.0365; 0.0008; 0.0260; 50.59; 0.19; 6.15; 0.00; 0.00; 0.00; 0.00; 0.00; 0.00; 0
296; 1.0000; 0.0000; 0.0000; 0.0000; 0.5063;      0;      0;      0; 94.46; 1.00; 31.57; 94.46; 1.00; 31.57; 0.9497; 0.0005; 0.0143; 0.0368; 0.0008; 0.0265; 49.30; 0.20; 6.36; 0.00; 0.00; 0.00; 0.00; 0.00; 0.00; 0
297; 1.0000; 0.0000; 0.0000; 0.0000; 0.5063;      0;      0;      0; 93.83; 0.92; 29.00; 93.83; 0.92; 29.00; 0.9427; 0.0005; 0.0162; 0.0393; 0.0009; 0.0287; 38.03; 0.18; 5.82; 0.00; 0.00; 0.00; 0.00; 0.00; 0.00; 0
298; 1.0000; 0.0000; 0.0000; 0.0000; 0.5063; 0.0816; 0.0130; 0.4103; 100.83; 0.92; 29.00; 100.83; 0.92; 29.00; 0.9506; 0.0004; 0.0142; 0.0363; 0.0008; 0.0265; 52.03; 0.18; 5.82; 0.00; 0.00; 0.00; 0.00; 0.00; 0.00; 0
299; 1.0000; 0.0000; 0.0000; 0.0000; 0.5063;      0;      0;      0; 96.83; 0.92; 29.00; 96.83; 0.92; 29.00; 0.9497; 0.0005; 0.0142; 0.0368; 0.0008; 0.0269; 50.25; 0.20; 6.29; 0.00; 0.00; 0.00; 0.00; 0.00; 0.00; 0
300; 1.0000; 0.0000; 0.0000; 0.0000; 0.5063;      0;      0;      0; 91.77; 0.99; 31.45; 91.77; 0.99; 31.45; 0.9492; 0.0005; 0.0143; 0.0369; 0.0009; 0.0280; 48.66; 0.21; 6.73; 0.00; 0.00; 0.00; 0.00; 0.00; 0.00; 0
301; 1.0000; 0.0000; 0.0000; 0.0000; 0.5063;      0;      0;      0; 94.16; 0.94; 29.71; 94.16; 0.94; 29.71; 0.9429; 0.0005; 0.0158; 0.0399; 0.0009; 0.0287; 38.06; 0.19; 5.86; 0.00; 0.00; 0.00; 0.00; 0.00; 0.00; 0
302; 1.0000; 0.0000; 0.0000; 0.0000; 0.5063; 0.1156; 0.0126; 0.3994; 101.16; 0.94; 29.71; 101.16; 0.94; 29.71; 0.9507; 0.0004; 0.0137; 0.0369; 0.0008; 0.0264; 52.06; 0.19; 5.86; 0.00; 0.00; 0.00; 0.00; 0.00; 0.00; 0
303; 1.0000; 0.0000; 0.0000; 0.0000; 0.5063;      0;      0;      0; 97.16; 0.94; 29.71; 97.16; 0.94; 29.71; 0.9500; 0.0004; 0.0139; 0.0370; 0.0009; 0.0269; 50.43; 0.20; 6.47; 0.00; 0.00; 0.00; 0.00; 0.00; 0.00; 0
304; 1.0000; 0.0000; 0.0000; 0.0000; 0.5063;      0;      0;      0; 92.15; 1.01; 31.89; 92.15; 1.01; 31.89; 0.9496; 0.0004; 0.0139; 0.0368; 0.0009; 0.0278; 48.94; 0.22; 6.82; 0.00; 0.00; 0.00; 0.00; 0.00; 0.00; 0
305; 1.0000; 0.0000; 0.0000; 0.0000; 0.5063;      0;      0;      0; 92.92; 0.91; 28.93; 92.92; 0.91; 28.93; 0.9433; 0.0005; 0.0157; 0.0392; 0.0009; 0.0281; 38.03; 0.18; 5.78; 0.00; 0.00; 0.00; 0.00; 0.00; 0.00; 0
306; 1.0000; 0.0000; 0.0000; 0.0000; 0.5063; 0.1018; 0.0130; 0.4126; 99.92; 0.91; 28.93; 99.92; 0.91; 28.93; 0.9511; 0.0004; 0.0137; 0.0362; 0.0008; 0.0260; 52.03; 0.18; 5.78; 0.00; 0.00; 0.00; 0.00; 0.00; 0.00; 0
307; 1.0000; 0.0000; 0.0000; 0.0000; 0.5063;      0;      0;      0; 95.92; 0.91; 28.93; 95.92; 0.91; 28.93; 0.9503; 0.0004; 0.0139; 0.0365; 0.0008; 0.0266; 50.27; 0.20; 6.35; 0.00; 0.00; 0.00; 0.00; 0.00; 0.00; 0
308; 1.0000; 0.0000; 0.0000; 0.0000; 0.5063;      0;      0;      0; 90.88; 0.99; 31.15; 90.88; 0.99; 31.15; 0.9498; 0.0004; 0.0140; 0.0367; 0.0009; 0.0272; 48.72; 0.21; 6.78; 0.00; 0.00; 0.00; 0.00; 0.00; 0.00; 0
309; 1.0000; 0.0000; 0.0000; 0.0000; 0.5063;      0;      0;      0; 94.54; 0.93; 29.55; 94.54; 0.93; 29.55; 0.9427; 0.0005; 0.0171; 0.0400; 0.0009; 0.0298; 37.92; 0.18; 5.76; 0.00; 0.00; 0.00; 0.00; 0.00; 0.00; 0
310; 1.0000; 0.0000; 0.0000; 0.0000; 0.5063; 0.1310; 0.0125; 0.3941; 101.54; 0.93; 29.55; 101.54; 0.93; 29.55; 0.9505; 0.0005; 0.0150; 0.0370; 0.0009; 0.0276; 51.92; 0.18; 5.76; 0.00; 0.00; 0.00; 0.00; 0.00; 0.00; 0
311; 1.0000; 0.0000; 0.0000; 0.0000; 0.5063;      0;      0;      0; 97.54; 0.93; 29.55; 97.54; 0.93; 29.55; 0.9499; 0.0005; 0.0151; 0.0370; 0.0009; 0.0280; 50.39; 0.20; 6.21; 0.00; 0.00; 0.00; 0.00; 0.00; 0.00; 0
312; 1.0000; 0.0000; 0.0000; 0.0000; 0.5063;      0;      0;      0; 92.85; 1.00; 31.52; 92.85; 1.00; 31.52; 0.9495; 0.0005; 0.0152; 0.0370; 0.0009; 0.0286; 49.02; 0.21; 6.58; 0.00; 0.00; 0.00; 0.00; 0.00; 0.00; 0
313; 1.0000; 0.0000; 0.0000; 0.0000; 0.5063;      0;      0;      0; 95.48; 0.98; 30.89; 95.48; 0.98; 30.89; 0.9428; 0.0005; 0.0170; 0.0386; 0.0009; 0.0293; 37.94; 0.19; 5.93; 0.00; 0.00; 0.00; 0.00; 0.00; 0.00; 0
314; 1.0000; 0.0000; 0.0000; 0.0000; 0.5063; 0.1131; 0.0126; 0.3993; 102.48; 0.98; 30.89; 102.48; 0.98; 30.89; 0.9506; 0.0005; 0.0148; 0.0357; 0.0009; 0.0271; 51.94; 0.19; 5.93; 0.00; 0.00; 0.00; 0.00; 0.00; 0.00; 0
315; 1.0000; 0.0000; 0.0000; 0.0000; 0.5063;      0;      0;      0; 98.48; 0.98; 30.89; 98.48; 0.98; 30.89; 0.9498; 0.0005; 0.0147; 0.0359; 0.0009; 0.0273; 50.24; 0.20; 6.45; 0.00; 0.00; 0.00; 0.00; 0.00; 0.00; 0
316; 1.0000; 0.0000; 0.0000; 0.0000; 0.5063;      0;      0;      0; 93.75; 1.05; 33.13; 93.75; 1.05; 33.13; 0.9495; 0.0005; 0.0148; 0.0358; 0.0009; 0.0282; 48.85; 0.22; 6.84; 0.00; 0.00; 0.00; 0.00; 0.00; 0.00; 0
317; 1.0000; 0.0000; 0.0000; 0.0000; 0.5063;      0;      0;      0; 93.17; 0.93; 29.40; 93.17; 0.93; 29.40; 0.9425; 0.0005; 0.0168; 0.0386; 0.0009; 0.0295; 37.76; 0.19; 5.98; 0.00; 0.00; 0.00; 0.00; 0.00; 0.00; 0
318; 1.0000; 0.0000; 0.0000; 0.0000; 0.5063; 0.0885; 0.0129; 0.4068; 100.17; 0.93; 29.40; 100.17; 0.93; 29.40; 0.9505; 0.0005; 0.0146; 0.0357; 0.0009; 0.0273; 51.76; 0.19; 5.98; 0.00; 0.00; 0.00; 0.00; 0.00; 0.00; 0
319; 1.0000; 0.0000; 0.0000; 0.0000; 0.5063;      0;      0;      0; 96.17; 0.93; 29.40; 96.17; 0.93; 29.40; 0.9496; 0.0005; 0.0148; 0.0359; 0.0009; 0.0277; 49.93; 0.21; 6.51; 0.00; 0.00; 0.00; 0.00; 0.00; 0.00; 0
320; 1.0000; 0.0000; 0.0000; 0.0000; 0.5063;      0;      0;      0; 91.35; 1.00; 31.62; 91.35; 1.00; 31.62; 0.9491; 0.0005; 0.0149; 0.0362; 0.0009; 0.0287; 48.46; 0.22; 6.89; 0.00; 0.00; 0.00; 0.00; 0.00; 0.00; 0
321; 1.0000; 0.0000; 0.0000; 0.0000; 0.5063;      0;      0;      0; 91.98; 0.89; 28.28; 91.98; 0.89; 28.28; 0.9420; 0.0005; 0.0170; 0.0399; 0.0009; 0.0297; 37.57; 0.19; 5.98; 0.00; 0.00; 0.00; 0.00; 0.00; 0.00; 0
322; 1.0000; 0.0000; 0.0000; 0.0000; 0.5063; 0.1029; 0.0128; 0.4037; 98.98; 0.89; 28.28; 98.98; 0.89; 28.28; 0.9501; 0.0005; 0.0148; 0.0370; 0.0009; 0.0275; 51.57; 0.19; 5.98; 0.00; 0.00; 0.00; 0.00; 0.00; 0.00; 0
323; 1.0000; 0.0000; 0.0000; 0.0000; 0.5063;      0;      0;      0; 94.98; 0.89; 28.28; 94.98; 0.89; 28.28; 0.9493; 0.0005; 0.0147; 0.0373; 0.0009; 0.0277; 49.91; 0.20; 6.33; 0.00; 0.00; 0.00; 0.00; 0.00; 0.00; 0
324; 1.0000; 0.0000; 0.0000; 0.0000; 0.5063;      0;      0;      0; 90.11; 0.96; 30.34; 90.11; 0.96; 30.34; 0.9489; 0.0005; 0.0148; 0.0370; 0.0009; 0.0280; 48.44; 0.21; 6.65; 0.00; 0.00; 0.00; 0.00; 0.00; 0.00; 0
325; 1.0000; 0.0000; 0.0000; 0.0000; 0.5063;      0;      0;      0; 94.40; 0.97; 30.81; 94.40; 0.97; 30.81; 0.9421; 0.0005; 0.0171; 0.0397; 0.0009; 0.0288; 37.84; 0.19; 5.97; 0.00; 0.00; 0.00; 0.00; 0.00; 0.00; 0
326; 1.0000; 0.0000; 0.0000; 0.0000; 0.5063; 0.1312; 0.0128; 0.4033; 101.40; 0.97; 30.81; 101.40; 0.97; 30.81; 0.9501; 0.0005; 0.0150; 0.0367; 0.0008; 0.0267; 51.84; 0.19; 5.97; 0.00; 0.00; 0.00; 0.00; 0.00; 0.00; 0
327; 1.0000; 0.0000; 0.0000; 0.0000; 0.5063;      0;      0;      0; 97.40; 0.97; 30.81; 97.40; 0.97; 30.81; 0.9492; 0.0005; 0.0152; 0.0369; 0.0009; 0.0273; 50.15; 0.21; 6.54; 0.00; 0.00; 0.00; 0.00; 0.00; 0.00; 0
328; 1.0000; 0.0000; 0.0000; 0.0000; 0.5063;      0;      0;      0; 92.47; 1.04; 32.96; 92.47; 1.04; 32.96; 0.9488; 0.0005; 0.0153; 0.0369; 0.0009; 0.0277; 48.75; 0.22; 6.94; 0.00; 0.00; 0.00; 0.00; 0.00; 0.00; 0
329; 1.0000; 0.0000; 0.0000; 0.0000; 0.5063;      0;      0;      0; 94.08; 0.95; 30.16; 94.08; 0.95; 30.16; 0.9418; 0.0006; 0.0187; 0.0386; 0.0009; 0.0296; 37.82; 0.20; 6.19; 0.00; 0.00; 0.00; 0.00; 0.00; 0.00; 0
330; 1.0000; 0.0000; 0.0000; 0.0000; 0.5063; 0.1133; 0.0124; 0.3910; 101.08; 0.95; 30.16; 101.08; 0.95; 30.16; 0.9499; 0.0005; 0.0161; 0.0357; 0.0009; 0.0274; 51.82; 0.20; 6.19; 0.00; 0.00; 0.00; 0.00; 0.00; 0.00; 0
331; 1.0000; 0.0000; 0.0000; 0.0000; 0.5063;      0;      0;      0; 97.08; 0.95; 30.16; 97.08; 0.95; 30.16; 0.9492; 0.0005; 0.0161; 0.0359; 0.0009; 0.0278; 50.17; 0.21; 6.59; 0.00; 0.00; 0.00; 0.00; 0.00; 0.00; 0
332; 1.0000; 0.0000; 0.0000; 0.0000; 0.5063;      0;      0;      0; 92.29; 1.02; 32.17; 92.29; 1.02; 32.17; 0.9488; 0.0005; 0.0162; 0.0357; 0.0009; 0.0281; 48.77; 0.22; 6.88; 0.00; 0.00; 0.00; 0.00; 0.00; 0.00; 0
333; 1.0000; 0.0000; 0.0000; 0.0000; 0.5063;      0;      0;      0; 93.42; 0.91; 28.86; 93.42; 0.91; 28.86; 0.9416; 0.0006; 0.0187; 0.0401; 0.0009; 0.0290; 37.70; 0.19; 5.99; 0.00; 0.00; 0.00; 0.00; 0.00; 0.00; 0
334; 1.0000; 0.0000; 0.0000; 0.0000; 0.5063; 0.1072; 0.0124; 0.3920; 100.42; 0.91; 28.86; 100.42; 0.91; 28.86; 0.9496; 0.0005; 0.0164; 0.0371; 0.0008; 0.0269; 51.70; 0.19; 5.99; 0.00; 0.00; 0.00; 0.00; 0.00; 0.00; 0
335; 1.0000; 0.0000; 0.0000; 0.0000; 0.5063;      0;      0;      0; 96.42; 0.91; 28.86; 96.42; 0.91; 28.86; 0.9489; 0.0005; 0.0163; 0.0370; 0.0008; 0.0268; 50.09; 0.20; 6.35; 0.00; 0.00; 0.00; 0.00; 0.00; 0.00; 0
336; 1.0000; 0.0000; 0.0000; 0.0000; 0.5063;      0;      0;      0; 91.35; 0.98; 31.08; 91.35; 0.98; 31.08; 0.9486; 0.0005; 0.0164; 0.0371; 0.0009; 0.0279; 48.58; 0.21; 6.67; 0.00; 0.00; 0.00; 0.00; 0.00; 0.00; 0
337; 1.0000; 0.0000; 0.0000; 0.0000; 0.5063;      0;      0;      0; 93.64; 0.95; 29.91; 93.64; 0.95; 29.91; 0.9414; 0.0006; 0.0185; 0.0412; 0.0010; 0.0310; 37.76; 0.19; 5.91; 0.00; 0.00; 0.00; 0.00; 0.00; 0.00; 0
338; 1.0000; 0.0000; 0.0000; 0.0000; 0.5063; 0.1135; 0.0129; 0.4091; 100.64; 0.95; 29.91; 100.64; 0.95; 29.91; 0.9495; 0.0005; 0.0162; 0.0382; 0.0009; 0.0287; 51.76; 0.19; 5.91; 0.00; 0.00; 0.00; 0.00; 0.00; 0.00; 0
339; 1.0000; 0.0000; 0.0000; 0.0000; 0.5063;      0;      0;      0; 96.64; 0.95; 29.91; 96.64; 0.95; 29.91; 0.9489; 0.0005; 0.0161; 0.0384; 0.0009; 0.0291; 50.17; 0.20; 6.31; 0.00; 0.00; 0.00; 0.00; 0.00; 0.00; 0
340; 1.0000; 0.0000; 0.0000; 0.0000; 0.5063;      0;      0;      0; 91.71; 1.02; 32.17; 91.71; 1.02; 32.17; 0.9485; 0.0005; 0.0162; 0.0385; 0.0009; 0.0300; 48.68; 0.21; 6.74; 0.00; 0.00; 0.00; 0.00; 0.00; 0.00; 0
341; 1.0000; 0.0000; 0.0000; 0.0000; 0.5063;      0;      0;      0; 92.62; 0.93; 29.54; 92.62; 0.93; 29.54; 0.9417; 0.0006; 0.0184; 0.0414; 0.0009; 0.0300; 37.59; 0.19; 5.95; 0.00; 0.00; 0.00; 0.00; 0.00; 0.00; 0
342; 1.0000; 0.0000; 0.0000; 0.0000; 0.5063; 0.1042; 0.0131; 0.4129; 99.62; 0.93; 29.54; 99.62; 0.93; 29.54; 0.9498; 0.0005; 0.0161; 0.0383; 0.0009; 0.0277; 51.59; 0.19; 5.95; 0.00; 0.00; 0.00; 0.00; 0.00; 0.00; 0
343; 1.0000; 0.0000; 0.0000; 0.0000; 0.5063;      0;      0;      0; 95.62; 0.93; 29.54; 95.62; 0.93; 29.54; 0.9490; 0.0005; 0.0162; 0.0384; 0.0009; 0.0278; 49.95; 0.20; 6.45; 0.00; 0.00; 0.00; 0.00; 0.00; 0.00; 0
344; 1.0000; 0.0000; 0.0000; 0.0000; 0.5063;      0;      0;      0; 90.62; 1.00; 31.76; 90.62; 1.00; 31.76; 0.9485; 0.0005; 0.0164; 0.0385; 0.0009; 0.0284; 48.39; 0.22; 6.84; 0.00; 0.00; 0.00; 0.00; 0.00; 0.00; 0
345; 1.0000; 0.0000; 0.0000; 0.0000; 0.5063;      0;      0;      0; 93.79; 0.96; 30.47; 93.79; 0.96; 30.47; 0.9415; 0.0006; 0.0186; 0.0415; 0.0009; 0.0295; 37.75; 0.20; 6.17; 0.00; 0.00; 0.00; 0.00; 0.00; 0.00; 0
346; 1.0000; 0.0000; 0.0000; 0.0000; 0.5063; 0.1245; 0.0128; 0.4054; 100.79; 0.96; 30.47; 100.79; 0.96; 30.47; 0.9496; 0.0005; 0.0162; 0.0384; 0.0009; 0.0273; 51.75; 0.20; 6.17; 0.00; 0.00; 0.00; 0.00; 0.00; 0.00; 0
347; 1.0000; 0.0000; 0.0000; 0.0000; 0.5063;      0;      0;      0; 96.79; 0.96; 30.47; 96.79; 0.96; 30.47; 0.9488; 0.0005; 0.0164; 0.0388; 0.0009; 0.0277; 50.01; 0.21; 6.58; 0.00; 0.00; 0.00; 0.00; 0.00; 0.00; 0
348; 1.0000; 0.0000; 0.0000; 0.0000; 0.5063;      0;      0;      0; 91.91; 1.04; 32.73; 91.91; 1.04; 32.73; 0.9482; 0.0005; 0.0166; 0.0390; 0.0009; 0.0285; 48.52; 0.22; 6.96; 0.00; 0.00; 0.00; 0.00; 0.00; 0.00; 0
349; 1.0000; 0.0000; 0.0000; 0.0000; 0.5063;      0;      0;      0; 93.52; 0.95; 29.91; 93.52; 0.95; 29.91; 0.9420; 0.0006; 0.0180; 0.0407; 0.0009; 0.0296; 37.79; 0.19; 5.90; 0.00; 0.00; 0.00; 0.00; 0.00; 0.00; 0
350; 1.0000; 0.0000; 0.0000; 0.0000; 0.5063; 0.1121; 0.0131; 0.4149; 100.52; 0.95; 29.91; 100.52; 0.95; 29.91; 0.9500; 0.0005; 0.0156; 0.0377; 0.0009; 0.0274; 51.79; 0.19; 5.90; 0.00; 0.00; 0.00; 0.00; 0.00; 0.00; 0
351; 1.0000; 0.0000; 0.0000; 0.0000; 0.5063;      0;      0;      0; 96.52; 0.95; 29.91; 96.52; 0.95; 29.91; 0.9493; 0.0005; 0.0155; 0.0377; 0.0009; 0.0277; 50.19; 0.20; 6.39; 0.00; 0.00; 0.00; 0.00; 0.00; 0.00; 0
352; 1.0000; 0.0000; 0.0000; 0.0000; 0.5063;      0;      0;      0; 91.60; 1.01; 32.06; 91.60; 1.01; 32.06; 0.9490; 0.0005; 0.0156; 0.0377; 0.0009; 0.0285; 48.75; 0.22; 6.83; 0.00; 0.00; 0.00; 0.00; 0.00; 0.00; 0
353; 1.0000; 0.0000; 0.0000; 0.0000; 0.5063;      0;      0;      0; 92.95; 0.95; 30.03; 92.95; 0.95; 30.03; 0.9425; 0.0006; 0.0177; 0.0406; 0.0010; 0.0301; 37.87; 0.19; 5.91; 0.00; 0.00; 0.00; 0.00; 0.00; 0.00; 0
354; 1.0000; 0.0000; 0.0000; 0.0000; 0.5063; 0.1061; 0.0130; 0.4101; 99.95; 0.95; 30.03; 99.95; 0.95; 30.03; 0.9505; 0.0005; 0.0155; 0.0375; 0.0009; 0.0278; 51.87; 0.19; 5.91; 0.00; 0.00; 0.00; 0.00; 0.00; 0.00; 0
355; 1.0000; 0.0000; 0.0000; 0.0000; 0.5063;      0;      0;      0; 95.95; 0.95; 30.03; 95.95; 0.95; 30.03; 0.9496; 0.0005; 0.0156; 0.0378; 0.0009; 0.0284; 50.04; 0.21; 6.48; 0.00; 0.00; 0.00; 0.00; 0.00; 0.00; 0
356; 1.0000; 0.0000; 0.0000; 0.0000; 0.5063;      0;      0;      0; 91.11; 1.02; 32.18; 91.11; 1.02; 32.18; 0.9492; 0.0005; 0.0158; 0.0374; 0.0009; 0.0285; 48.54; 0.22; 6.87; 0.00; 0.00; 0.00; 0.00; 0.00; 0.00; 0
357; 1.0000; 0.0000; 0.0000; 0.0000; 0.5063;      0;      0;      0; 93.74; 0.92; 29.05; 93.74; 0.92; 29.05; 0.9419; 0.0006; 0.0192; 0.0409; 0.0009; 0.0298; 37.76; 0.19; 6.00; 0.00; 0.00; 0.00; 0.00; 0.00; 0.00; 0
358; 1.0000; 0.0000; 0.0000; 0.0000; 0.5063; 0.1227; 0.0130; 0.4114; 100.74; 0.92; 29.05; 100.74; 0.92; 29.05; 0.9500; 0.0005; 0.0163; 0.0379; 0.0009; 0.0276; 51.76; 0.19; 6.00; 0.00; 0.00; 0.00; 0.00; 0.00; 0.00; 0
359; 1.0000; 0.0000; 0.0000; 0.0000; 0.5063;      0;      0;      0; 96.74; 0.92; 29.05; 96.74; 0.92; 29.05; 0.9493; 0.0005; 0.0162; 0.0380; 0.0009; 0.0277; 50.20; 0.21; 6.62; 0.00; 0.00; 0.00; 0.00; 0.00; 0.00; 0
360; 1.0000; 0.0000; 0.0000; 0.0000; 0.5063;      0;      0;      0; 91.99; 0.98; 31.09; 91.99; 0.98; 31.09; 0.9490; 0.0005; 0.0162; 0.0380; 0.0009; 0.0281; 48.85; 0.22; 6.88; 0.00; 0.00; 0.00; 0.00; 0.00; 0.00; 0
361; 1.0000; 0.0000; 0.0000; 0.0000; 0.5063;      0;      0;      0; 94.26; 0.93; 29.53; 94.26; 0.93; 29.53; 0.9420; 0.0006; 0.0181; 0.0403; 0.0009; 0.0288; 37.78; 0.18; 5.85; 0.00; 0.00; 0.00; 0.00; 0.00; 0.00; 0
362; 1.0000; 0.0000; 0.0000; 0.0000; 0.5063; 0.1147; 0.0128; 0.4062; 101.26; 0.93; 29.53; 101.26; 0.93; 29.53; 0.9499; 0.0005; 0.0157; 0.0374; 0.0008; 0.0267; 51.78; 0.18; 5.85; 0.00; 0.00; 0.00; 0.00; 0.00; 0.00; 0
363; 1.0000; 0.0000; 0.0000; 0.0000; 0.5063;      0;      0;      0; 97.26; 0.93; 29.53; 97.26; 0.93; 29.53; 0.9492; 0.0005; 0.0157; 0.0377; 0.0008; 0.0268; 50.14; 0.20; 6.25; 0.00; 0.00; 0.00; 0.00; 0.00; 0.00; 0
364; 1.0000; 0.0000; 0.0000; 0.0000; 0.5063;      0;      0;      0; 92.39; 1.00; 31.77; 92.39; 1.00; 31.77; 0.9489; 0.0005; 0.0158; 0.0377; 0.0009; 0.0274; 48.73; 0.21; 6.66; 0.00; 0.00; 0.00; 0.00; 0.00; 0.00; 0
365; 1.0000; 0.0000; 0.0000; 0.0000; 0.5063;      0;      0;      0; 93.16; 0.93; 29.42; 93.16; 0.93; 29.42; 0.9423; 0.0006; 0.0177; 0.0401; 0.0009; 0.0286; 37.62; 0.19; 5.85; 0.00; 0.00; 0.00; 0.00; 0.00; 0.00; 0
366; 1.0000; 0.0000; 0.0000; 0.0000; 0.5063; 0.1002; 0.0132; 0.4182; 100.16; 0.93; 29.42; 100.16; 0.93; 29.42; 0.9503; 0.0005; 0.0154; 0.0371; 0.0008; 0.0265; 51.62; 0.19; 5.85; 0.00; 0.00; 0.00; 0.00; 0.00; 0.00; 0
367; 1.0000; 0.0000; 0.0000; 0.0000; 0.5063;      0;      0;      0; 96.16; 0.93; 29.42; 96.16; 0.93; 29.42; 0.9495; 0.0005; 0.0155; 0.0374; 0.0009; 0.0270; 49.91; 0.20; 6.37; 0.00; 0.00; 0.00; 0.00; 0.00; 0.00; 0
368; 1.0000; 0.0000; 0.0000; 0.0000; 0.5063;      0;      0;      0; 91.23; 1.00; 31.68; 91.23; 1.00; 31.68; 0.9492; 0.0005; 0.0155; 0.0373; 0.0009; 0.0280; 48.50; 0.21; 6.76; 0.00; 0.00; 0.00; 0.00; 0.00; 0.00; 0
369; 1.0000; 0.0000; 0.0000; 0.0000; 0.5063;      0;      0;      0; 95.66; 0.95; 30.17; 95.66; 0.95; 30.17; 0.9425; 0.0005; 0.0174; 0.0406; 0.0009; 0.0287; 38.00; 0.18; 5.82; 0.00; 0.00; 0.00; 0.00; 0.00; 0.00; 0
370; 1.0000; 0.0000; 0.0000; 0.0000; 0.5063; 0.1383; 0.0129; 0.4068; 102.66; 0.95; 30.17; 102.66; 0.95; 30.17; 0.9503; 0.0005; 0.0150; 0.0376; 0.0008; 0.0264; 52.00; 0.18; 5.82; 0.00; 0.00; 0.00; 0.00; 0.00; 0.00; 0
371; 1.0000; 0.0000; 0.0000; 0.0000; 0.5063;      0;      0;      0; 98.66; 0.95; 30.17; 98.66; 0.95; 30.17; 0.9496; 0.0005; 0.0152; 0.0379; 0.0009; 0.0272; 50.40; 0.20; 6.31; 0.00; 0.00; 0.00; 0.00; 0.00; 0.00; 0
372; 1.0000; 0.0000; 0.0000; 0.0000; 0.5063;      0;      0;      0; 93.71; 1.03; 32.43; 93.71; 1.03; 32.43; 0.9492; 0.0005; 0.0152; 0.0379; 0.0009; 0.0276; 48.99; 0.21; 6.62; 0.00; 0.00; 0.00; 0.00; 0.00; 0.00; 0
373; 1.0000; 0.0000; 0.0000; 0.0000; 0.5063;      0;      0;      0; 94.61; 0.95; 29.91; 94.61; 0.95; 29.91; 0.9423; 0.0006; 0.0176; 0.0410; 0.0009; 0.0288; 37.74; 0.20; 6.17; 0.00; 0.00; 0.00; 0.00; 0.00; 0.00; 0
374; 1.0000; 0.0000; 0.0000; 0.0000; 0.5063; 0.1002; 0.0131; 0.4151; 101.61; 0.95; 29.91; 101.61; 0.95; 29.91; 0.9502; 0.0005; 0.0154; 0.0379; 0.0008; 0.0266; 51.74; 0.20; 6.17; 0.00; 0.00; 0.00; 0.00; 0.00; 0.00; 0
375; 1.0000; 0.0000; 0.0000; 0.0000; 0.5063;      0;      0;      0; 97.61; 0.95; 29.91; 97.61; 0.95; 29.91; 0.9495; 0.0005; 0.0154; 0.0379; 0.0008; 0.0268; 50.05; 0.21; 6.55; 0.00; 0.00; 0.00; 0.00; 0.00; 0.00; 0
376; 1.0000; 0.0000; 0.0000; 0.0000; 0.5063;      0;      0;      0; 92.62; 1.01; 32.07; 92.62; 1.01; 32.07; 0.9490; 0.0005; 0.0156; 0.0378; 0.0009; 0.0271; 48.56; 0.22; 6.84; 0.00; 0.00; 0.00; 0.00; 0.00; 0.00; 0
377; 1.0000; 0.0000; 0.0000; 0.0000; 0.5063;      0;      0;      0; 95.11; 0.96; 30.21; 95.11; 0.96; 30.21; 0.9422; 0.0006; 0.0174; 0.0399; 0.0009; 0.0286; 37.78; 0.18; 5.84; 0.00; 0.00; 0.00; 0.00; 0.00; 0.00; 0
378; 1.0000; 0.0000; 0.0000; 0.0000; 0.5063; 0.1161; 0.0128; 0.4044; 102.11; 0.96; 30.21; 102.11; 0.96; 30.21; 0.9501; 0.0005; 0.0151; 0.0369; 0.0008; 0.0265; 51.78; 0.18; 5.84; 0.00; 0.00; 0.00; 0.00; 0.00; 0.00; 0
379; 1.0000; 0.0000; 0.0000; 0.0000; 0.5063;      0;      0;      0; 98.11; 0.96; 30.21; 98.11; 0.96; 30.21; 0.9494; 0.0005; 0.0152; 0.0370; 0.0008; 0.0267; 50.25; 0.20; 6.34; 0.00; 0.00; 0.00; 0.00; 0.00; 0.00; 0
380; 1.0000; 0.0000; 0.0000; 0.0000; 0.5063;      0;      0;      0; 93.39; 1.02; 32.39; 93.39; 1.02; 32.39; 0.9492; 0.0005; 0.0153; 0.0368; 0.0009; 0.0272; 48.85; 0.21; 6.64; 0.00; 0.00; 0.00; 0.00; 0.00; 0.00; 0
381; 1.0000; 0.0000; 0.0000; 0.0000; 0.5063;      0;      0;      0; 94.48; 0.93; 29.50; 94.48; 0.93; 29.50; 0.9420; 0.0006; 0.0176; 0.0411; 0.0009; 0.0295; 37.67; 0.18; 5.78; 0.00; 0.00; 0.00; 0.00; 0.00; 0.00; 0
382; 1.0000; 0.0000; 0.0000; 0.0000; 0.5063; 0.1039; 0.0129; 0.4073; 101.48; 0.93; 29.50; 101.48; 0.93; 29.50; 0.9499; 0.0005; 0.0153; 0.0380; 0.0009; 0.0272; 51.67; 0.18; 5.78; 0.00; 0.00; 0.00; 0.00; 0.00; 0.00; 0
383; 1.0000; 0.0000; 0.0000; 0.0000; 0.5063;      0;      0;      0; 97.48; 0.93; 29.50; 97.48; 0.93; 29.50; 0.9493; 0.0005; 0.0154; 0.0383; 0.0009; 0.0278; 50.12; 0.20; 6.17; 0.00; 0.00; 0.00; 0.00; 0.00; 0.00; 0
384; 1.0000; 0.0000; 0.0000; 0.0000; 0.5063;      0;      0;      0; 92.80; 1.00; 31.51; 92.80; 1.00; 31.51; 0.9489; 0.0005; 0.0154; 0.0381; 0.0009; 0.0285; 48.74; 0.20; 6.41; 0.00; 0.00; 0.00; 0.00; 0.00; 0.00; 0
385; 1.0000; 0.0000; 0.0000; 0.0000; 0.5063;      0;      0;      0; 94.66; 0.95; 30.01; 94.66; 0.95; 30.01; 0.9423; 0.0005; 0.0172; 0.0399; 0.0009; 0.0292; 37.93; 0.18; 5.85; 0.00; 0.00; 0.00; 0.00; 0.00; 0.00; 0
386; 1.0000; 0.0000; 0.0000; 0.0000; 0.5063; 0.1078; 0.0131; 0.4128; 101.66; 0.95; 30.01; 101.66; 0.95; 30.01; 0.9501; 0.0005; 0.0152; 0.0370; 0.0009; 0.0270; 51.93; 0.18; 5.85; 0.00; 0.00; 0.00; 0.00; 0.00; 0.00; 0
387; 1.0000; 0.0000; 0.0000; 0.0000; 0.5063;      0;      0;      0; 97.66; 0.95; 30.01; 97.66; 0.95; 30.01; 0.9494; 0.0005; 0.0152; 0.0371; 0.0009; 0.0274; 50.26; 0.20; 6.44; 0.00; 0.00; 0.00; 0.00; 0.00; 0.00; 0
388; 1.0000; 0.0000; 0.0000; 0.0000; 0.5063;      0;      0;      0; 92.81; 1.02; 32.37; 92.81; 1.02; 32.37; 0.9491; 0.0005; 0.0152; 0.0372; 0.0009; 0.0284; 48.78; 0.22; 6.85; 0.00; 0.00; 0.00; 0.00; 0.00; 0.00; 0
389; 1.0000; 0.0000; 0.0000; 0.0000; 0.5063;      0;      0;      0; 93.52; 0.92; 29.01; 93.52; 0.92; 29.01; 0.9422; 0.0006; 0.0178; 0.0405; 0.0009; 0.0297; 37.71; 0.19; 6.01; 0.00; 0.00; 0.00; 0.00; 0.00; 0.00; 0
390; 1.0000; 0.0000; 0.0000; 0.0000; 0.5063; 0.1026; 0.0128; 0.4034; 100.52; 0.92; 29.01; 100.52; 0.92; 29.01; 0.9502; 0.0005; 0.0154; 0.0375; 0.0009; 0.0275; 51.71; 0.19; 6.01; 0.00; 0.00; 0.00; 0.00; 0.00; 0.00; 0
391; 1.0000; 0.0000; 0.0000; 0.0000; 0.5063;      0;      0;      0; 96.52; 0.92; 29.01; 96.52; 0.92; 29.01; 0.9496; 0.0005; 0.0153; 0.0374; 0.0009; 0.0276; 50.14; 0.21; 6.53; 0.00; 0.00; 0.00; 0.00; 0.00; 0.00; 0
392; 1.0000; 0.0000; 0.0000; 0.0000; 0.5063;      0;      0;      0; 91.71; 0.98; 31.11; 91.71; 0.98; 31.11; 0.9492; 0.0005; 0.0153; 0.0372; 0.0009; 0.0280; 48.79; 0.22; 6.84; 0.00; 0.00; 0.00; 0.00; 0.00; 0.00; 0
393; 1.0000; 0.0000; 0.0000; 0.0000; 0.5063;      0;      0;      0; 93.94; 0.93; 29.40; 93.94; 0.93; 29.40; 0.9426; 0.0005; 0.0171; 0.0395; 0.0009; 0.0285; 38.05; 0.19; 5.89; 0.00; 0.00; 0.00; 0.00; 0.00; 0.00; 0
394; 1.0000; 0.0000; 0.0000; 0.0000; 0.5063; 0.1144; 0.0130; 0.4110; 100.94; 0.93; 29.40; 100.94; 0.93; 29.40; 0.9505; 0.0005; 0.0148; 0.0366; 0.0008; 0.0264; 52.05; 0.19; 5.89; 0.00; 0.00; 0.00; 0.00; 0.00; 0.00; 0
395; 1.0000; 0.0000; 0.0000; 0.0000; 0.5063;      0;      0;      0; 96.94; 0.93; 29.40; 96.94; 0.93; 29.40; 0.9497; 0.0005; 0.0149; 0.0367; 0.0008; 0.0268; 50.32; 0.20; 6.38; 0.00; 0.00; 0.00; 0.00; 0.00; 0.00; 0
396; 1.0000; 0.0000; 0.0000; 0.0000; 0.5063;      0;      0;      0; 92.03; 1.01; 31.79; 92.03; 1.01; 31.79; 0.9494; 0.0005; 0.0150; 0.0364; 0.0009; 0.0273; 48.86; 0.21; 6.76; 0.00; 0.00; 0.00; 0.00; 0.00; 0.00; 0
397; 1.0000; 0.0000; 0.0000; 0.0000; 0.5063;      0;      0;      0; 94.84; 0.95; 30.04; 94.84; 0.95; 30.04; 0.9426; 0.0005; 0.0171; 0.0394; 0.0009; 0.0287; 38.06; 0.19; 5.93; 0.00; 0.00; 0.00; 0.00; 0.00; 0.00; 0
398; 1.0000; 0.0000; 0.0000; 0.0000; 0.5063; 0.1205; 0.0129; 0.4073; 101.84; 0.95; 30.04; 101.84; 0.95; 30.04; 0.9504; 0.0005; 0.0150; 0.0365; 0.0008; 0.0267; 52.06; 0.19; 5.93; 0.00; 0.00; 0.00; 0.00; 0.00; 0.00; 0
399; 1.0000; 0.0000; 0.0000; 0.0000; 0.5063;      0;      0;      0; 97.84; 0.95; 30.04; 97.84; 0.95; 30.04; 0.9497; 0.0005; 0.0151; 0.0366; 0.0009; 0.0271; 50.51; 0.20; 6.39; 0.00; 0.00; 0.00; 0.00; 0.00; 0.00; 0
400; 1.0000; 0.0000; 0.0000; 0.0000; 0.5063;      0;      0;      0; 93.01; 1.02; 32.19; 93.01; 1.02; 32.19; 0.9494; 0.0005; 0.0151; 0.0366; 0.0009; 0.0273; 49.08; 0.21; 6.76; 0.00; 0.00; 0.00; 0.00; 0.00; 0.00; 0
