    Year (Census)
    Proportion of populations extant, SE
    Proportion of populations going extinct for the first time in year, SE
    Deterministic growth, Stochastic growth, SE, SD
    Mean population size (across extant populations), SE, SD
    Mean population size (across all populations), SE, SD
    Mean gene diversity (expected heterozygosity), SE, SD
    Mean inbreeding coefficient, SE, SD
    Mean number of alleles, SE, SD
    Mean number of lethal alleles, SE, SD
    Mean time to extinction, SE, SD
    Median time to extinction
Year;PExtant;SE(PExtant);PExtinct;SE(PExtinct);det-r;stoch-r;SE(r);SD(r);N-extant;SE(N-extant);SD(N-extant);N-all;SE(N-all);SD(N-all);GeneDiv;SE(GD);SD(GD);Inbreed;SE(Inbr);SD(Inbr);nAlleles;SE(nAlleles);SD(nAlleles);nLethals;SE(nLethals);SD(nLethals);TE;SE(TE);SD(TE);medianTE
Supplement (10F with 30JF, 30JM) and harvest (27JF, 27JM)
Population 1: MFWS
0; 1.0000; 0.0000; 0.0000; 0.0000; 0.5063;      0;      0;      0; 47.00; 0.00; 0.00; 47.00; 0.00; 0.00; 0.9894; 0.0000; 0.0000; 0.0000; 0.0000; 0.0000; 94.00; 0.00; 0.00; 0.00; 0.00; 0.00; 0.00; 0.00; 0.00; 0
1; 1.0000; 0.0000; 0.0000; 0.0000; 0.5063;      0;      0;      0; 86.19; 0.74; 23.42; 86.19; 0.74; 23.42; 0.9857; 0.0000; 0.0012; 0.0000; 0.0000; 0.0000; 90.00; 0.00; 0.00; 0.00; 0.00; 0.00; 0.00; 0.00; 0.00; 0
2; 1.0000; 0.0000; 0.0000; 0.0000; 0.5063; 1.1898; 0.0047; 0.1496; 156.19; 0.74; 23.42; 156.19; 0.74; 23.42; 0.9941; 0.0000; 0.0009; 0.0000; 0.0000; 0.0000; 230.00; 0.00; 0.00; 0.00; 0.00; 0.00; 0.00; 0.00; 0.00; 0
3; 1.0000; 0.0000; 0.0000; 0.0000; 0.5063;      0;      0;      0; 102.19; 0.74; 23.42; 102.19; 0.74; 23.42; 0.9925; 0.0000; 0.0005; 0.0000; 0.0000; 0.0000; 161.96; 0.54; 17.07; 0.00; 0.00; 0.00; 0.00; 0.00; 0.00; 0
4; 1.0000; 0.0000; 0.0000; 0.0000; 0.5063;      0;      0;      0; 96.95; 0.84; 26.42; 96.95; 0.84; 26.42; 0.9921; 0.0000; 0.0008; 0.0000; 0.0000; 0.0000; 153.37; 0.74; 23.28; 0.00; 0.00; 0.00; 0.00; 0.00; 0.00; 0
5; 1.0000; 0.0000; 0.0000; 0.0000; 0.5063;      0;      0;      0; 101.36; 0.99; 31.46; 101.36; 0.99; 31.46; 0.9847; 0.0001; 0.0022; 0.0011; 0.0001; 0.0040; 90.96; 0.27; 8.69; 0.00; 0.00; 0.00; 0.00; 0.00; 0.00; 0
6; 1.0000; 0.0000; 0.0000; 0.0000; 0.5063; 0.5920; 0.0109; 0.3456; 171.36; 0.99; 31.46; 171.36; 0.99; 31.46; 0.9935; 0.0000; 0.0012; 0.0007; 0.0001; 0.0024; 230.96; 0.27; 8.69; 0.00; 0.00; 0.00; 0.00; 0.00; 0.00; 0
7; 1.0000; 0.0000; 0.0000; 0.0000; 0.5063;      0;      0;      0; 117.36; 0.99; 31.46; 117.36; 0.99; 31.46; 0.9919; 0.0000; 0.0010; 0.0005; 0.0001; 0.0023; 166.93; 0.71; 22.30; 0.00; 0.00; 0.00; 0.00; 0.00; 0.00; 0
8; 1.0000; 0.0000; 0.0000; 0.0000; 0.5063;      0;      0;      0; 111.53; 1.10; 34.66; 111.53; 1.10; 34.66; 0.9915; 0.0000; 0.0012; 0.0005; 0.0001; 0.0024; 159.05; 0.88; 27.68; 0.00; 0.00; 0.00; 0.00; 0.00; 0.00; 0
9; 1.0000; 0.0000; 0.0000; 0.0000; 0.5063;      0;      0;      0; 102.51; 0.99; 31.24; 102.51; 0.99; 31.24; 0.9832; 0.0001; 0.0027; 0.0022; 0.0002; 0.0056; 86.92; 0.30; 9.50; 0.00; 0.00; 0.00; 0.00; 0.00; 0.00; 0
10; 1.0000; 0.0000; 0.0000; 0.0000; 0.5063; 0.4713; 0.0119; 0.3771; 172.51; 0.99; 31.24; 172.51; 0.99; 31.24; 0.9929; 0.0000; 0.0014; 0.0013; 0.0001; 0.0032; 226.92; 0.30; 9.50; 0.00; 0.00; 0.00; 0.00; 0.00; 0.00; 0
11; 1.0000; 0.0000; 0.0000; 0.0000; 0.5063;      0;      0;      0; 118.51; 0.99; 31.24; 118.51; 0.99; 31.24; 0.9913; 0.0000; 0.0012; 0.0012; 0.0001; 0.0036; 163.95; 0.70; 21.99; 0.00; 0.00; 0.00; 0.00; 0.00; 0.00; 0
12; 1.0000; 0.0000; 0.0000; 0.0000; 0.5063;      0;      0;      0; 112.84; 1.08; 34.07; 112.84; 1.08; 34.07; 0.9909; 0.0000; 0.0013; 0.0012; 0.0001; 0.0038; 156.81; 0.84; 26.51; 0.00; 0.00; 0.00; 0.00; 0.00; 0.00; 0
13; 1.0000; 0.0000; 0.0000; 0.0000; 0.5063;      0;      0;      0; 103.47; 1.06; 33.48; 103.47; 1.06; 33.48; 0.9825; 0.0001; 0.0030; 0.0027; 0.0002; 0.0066; 84.81; 0.29; 9.25; 0.00; 0.00; 0.00; 0.00; 0.00; 0.00; 0
14; 1.0000; 0.0000; 0.0000; 0.0000; 0.5063; 0.4604; 0.0114; 0.3590; 173.47; 1.06; 33.48; 173.47; 1.06; 33.48; 0.9926; 0.0001; 0.0016; 0.0016; 0.0001; 0.0039; 224.81; 0.29; 9.25; 0.00; 0.00; 0.00; 0.00; 0.00; 0.00; 0
15; 1.0000; 0.0000; 0.0000; 0.0000; 0.5063;      0;      0;      0; 119.47; 1.06; 33.48; 119.47; 1.06; 33.48; 0.9909; 0.0000; 0.0013; 0.0016; 0.0001; 0.0042; 162.13; 0.70; 22.04; 0.00; 0.00; 0.00; 0.00; 0.00; 0.00; 0
16; 1.0000; 0.0000; 0.0000; 0.0000; 0.5063;      0;      0;      0; 113.80; 1.15; 36.48; 113.80; 1.15; 36.48; 0.9906; 0.0000; 0.0014; 0.0016; 0.0001; 0.0044; 155.19; 0.84; 26.71; 0.00; 0.00; 0.00; 0.00; 0.00; 0.00; 0
17; 1.0000; 0.0000; 0.0000; 0.0000; 0.5063;      0;      0;      0; 101.63; 0.97; 30.52; 101.63; 0.97; 30.52; 0.9824; 0.0001; 0.0033; 0.0029; 0.0002; 0.0064; 84.38; 0.29; 9.28; 0.00; 0.00; 0.00; 0.00; 0.00; 0.00; 0
18; 1.0000; 0.0000; 0.0000; 0.0000; 0.5063; 0.4481; 0.0117; 0.3715; 171.63; 0.97; 30.52; 171.63; 0.97; 30.52; 0.9926; 0.0001; 0.0016; 0.0017; 0.0001; 0.0037; 224.38; 0.29; 9.28; 0.00; 0.00; 0.00; 0.00; 0.00; 0.00; 0
19; 1.0000; 0.0000; 0.0000; 0.0000; 0.5063;      0;      0;      0; 117.63; 0.97; 30.52; 117.63; 0.97; 30.52; 0.9909; 0.0000; 0.0014; 0.0017; 0.0001; 0.0043; 161.37; 0.69; 21.69; 0.00; 0.00; 0.00; 0.00; 0.00; 0.00; 0
20; 1.0000; 0.0000; 0.0000; 0.0000; 0.5063;      0;      0;      0; 111.88; 1.06; 33.61; 111.88; 1.06; 33.61; 0.9906; 0.0000; 0.0015; 0.0017; 0.0001; 0.0044; 154.32; 0.83; 26.34; 0.00; 0.00; 0.00; 0.00; 0.00; 0.00; 0
21; 1.0000; 0.0000; 0.0000; 0.0000; 0.5063;      0;      0;      0; 102.63; 1.02; 32.32; 102.63; 1.02; 32.32; 0.9824; 0.0001; 0.0030; 0.0032; 0.0002; 0.0070; 84.51; 0.29; 9.23; 0.00; 0.00; 0.00; 0.00; 0.00; 0.00; 0
22; 1.0000; 0.0000; 0.0000; 0.0000; 0.5063; 0.4648; 0.0115; 0.3641; 172.63; 1.02; 32.32; 172.63; 1.02; 32.32; 0.9926; 0.0000; 0.0015; 0.0019; 0.0001; 0.0040; 224.51; 0.29; 9.23; 0.00; 0.00; 0.00; 0.00; 0.00; 0.00; 0
23; 1.0000; 0.0000; 0.0000; 0.0000; 0.5063;      0;      0;      0; 118.63; 1.02; 32.32; 118.63; 1.02; 32.32; 0.9910; 0.0000; 0.0013; 0.0019; 0.0001; 0.0045; 161.95; 0.70; 22.08; 0.00; 0.00; 0.00; 0.00; 0.00; 0.00; 0
24; 1.0000; 0.0000; 0.0000; 0.0000; 0.5063;      0;      0;      0; 112.99; 1.11; 35.13; 112.99; 1.11; 35.13; 0.9906; 0.0000; 0.0014; 0.0018; 0.0001; 0.0044; 155.06; 0.84; 26.48; 0.00; 0.00; 0.00; 0.00; 0.00; 0.00; 0
25; 1.0000; 0.0000; 0.0000; 0.0000; 0.5063;      0;      0;      0; 101.26; 1.03; 32.66; 101.26; 1.03; 32.66; 0.9826; 0.0001; 0.0029; 0.0031; 0.0002; 0.0064; 84.99; 0.28; 8.86; 0.00; 0.00; 0.00; 0.00; 0.00; 0.00; 0
26; 1.0000; 0.0000; 0.0000; 0.0000; 0.5063; 0.4487; 0.0115; 0.3649; 171.26; 1.03; 32.66; 171.26; 1.03; 32.66; 0.9927; 0.0000; 0.0015; 0.0018; 0.0001; 0.0037; 224.99; 0.28; 8.86; 0.00; 0.00; 0.00; 0.00; 0.00; 0.00; 0
27; 1.0000; 0.0000; 0.0000; 0.0000; 0.5063;      0;      0;      0; 117.26; 1.03; 32.66; 117.26; 1.03; 32.66; 0.9909; 0.0000; 0.0013; 0.0018; 0.0001; 0.0044; 161.01; 0.71; 22.35; 0.00; 0.00; 0.00; 0.00; 0.00; 0.00; 0
28; 1.0000; 0.0000; 0.0000; 0.0000; 0.5063;      0;      0;      0; 111.29; 1.13; 35.88; 111.29; 1.13; 35.88; 0.9906; 0.0000; 0.0015; 0.0019; 0.0002; 0.0048; 153.55; 0.87; 27.43; 0.00; 0.00; 0.00; 0.00; 0.00; 0.00; 0
29; 1.0000; 0.0000; 0.0000; 0.0000; 0.5063;      0;      0;      0; 101.48; 1.00; 31.70; 101.48; 1.00; 31.70; 0.9826; 0.0001; 0.0029; 0.0027; 0.0002; 0.0060; 84.79; 0.29; 9.06; 0.00; 0.00; 0.00; 0.00; 0.00; 0.00; 0
30; 1.0000; 0.0000; 0.0000; 0.0000; 0.5063; 0.4705; 0.0119; 0.3765; 171.48; 1.00; 31.70; 171.48; 1.00; 31.70; 0.9927; 0.0000; 0.0016; 0.0016; 0.0001; 0.0035; 224.79; 0.29; 9.06; 0.00; 0.00; 0.00; 0.00; 0.00; 0.00; 0
31; 1.0000; 0.0000; 0.0000; 0.0000; 0.5063;      0;      0;      0; 117.48; 1.00; 31.70; 117.48; 1.00; 31.70; 0.9909; 0.0000; 0.0014; 0.0017; 0.0001; 0.0042; 160.89; 0.71; 22.33; 0.00; 0.00; 0.00; 0.00; 0.00; 0.00; 0
32; 1.0000; 0.0000; 0.0000; 0.0000; 0.5063;      0;      0;      0; 111.71; 1.10; 34.75; 111.71; 1.10; 34.75; 0.9905; 0.0000; 0.0016; 0.0017; 0.0001; 0.0043; 153.76; 0.85; 26.94; 0.00; 0.00; 0.00; 0.00; 0.00; 0.00; 0
33; 1.0000; 0.0000; 0.0000; 0.0000; 0.5063;      0;      0;      0; 101.96; 1.00; 31.60; 101.96; 1.00; 31.60; 0.9823; 0.0001; 0.0031; 0.0031; 0.0002; 0.0068; 84.15; 0.28; 8.97; 0.00; 0.00; 0.00; 0.00; 0.00; 0.00; 0
34; 1.0000; 0.0000; 0.0000; 0.0000; 0.5063; 0.4664; 0.0118; 0.3743; 171.96; 1.00; 31.60; 171.96; 1.00; 31.60; 0.9926; 0.0001; 0.0016; 0.0018; 0.0001; 0.0040; 224.15; 0.28; 8.97; 0.00; 0.00; 0.00; 0.00; 0.00; 0.00; 0
35; 1.0000; 0.0000; 0.0000; 0.0000; 0.5063;      0;      0;      0; 117.96; 1.00; 31.60; 117.96; 1.00; 31.60; 0.9909; 0.0000; 0.0014; 0.0018; 0.0001; 0.0043; 161.19; 0.67; 21.04; 0.00; 0.00; 0.00; 0.00; 0.00; 0.00; 0
36; 1.0000; 0.0000; 0.0000; 0.0000; 0.5063;      0;      0;      0; 112.34; 1.10; 34.63; 112.34; 1.10; 34.63; 0.9906; 0.0000; 0.0015; 0.0018; 0.0001; 0.0044; 154.27; 0.81; 25.57; 0.00; 0.00; 0.00; 0.00; 0.00; 0.00; 0
37; 1.0000; 0.0000; 0.0000; 0.0000; 0.5063;      0;      0;      0; 102.79; 1.03; 32.65; 102.79; 1.03; 32.65; 0.9824; 0.0001; 0.0033; 0.0032; 0.0002; 0.0067; 84.44; 0.29; 9.07; 0.00; 0.00; 0.00; 0.00; 0.00; 0.00; 0
38; 1.0000; 0.0000; 0.0000; 0.0000; 0.5063; 0.4620; 0.0118; 0.3733; 172.79; 1.03; 32.65; 172.79; 1.03; 32.65; 0.9926; 0.0001; 0.0017; 0.0019; 0.0001; 0.0040; 224.44; 0.29; 9.07; 0.00; 0.00; 0.00; 0.00; 0.00; 0.00; 0
39; 1.0000; 0.0000; 0.0000; 0.0000; 0.5063;      0;      0;      0; 118.79; 1.03; 32.65; 118.79; 1.03; 32.65; 0.9909; 0.0000; 0.0015; 0.0019; 0.0001; 0.0043; 161.51; 0.70; 22.11; 0.00; 0.00; 0.00; 0.00; 0.00; 0.00; 0
40; 1.0000; 0.0000; 0.0000; 0.0000; 0.5063;      0;      0;      0; 113.09; 1.13; 35.68; 113.09; 1.13; 35.68; 0.9905; 0.0001; 0.0016; 0.0019; 0.0001; 0.0045; 154.64; 0.84; 26.45; 0.00; 0.00; 0.00; 0.00; 0.00; 0.00; 0
41; 1.0000; 0.0000; 0.0000; 0.0000; 0.5063;      0;      0;      0; 102.35; 0.98; 31.11; 102.35; 0.98; 31.11; 0.9825; 0.0001; 0.0030; 0.0027; 0.0002; 0.0062; 84.82; 0.30; 9.56; 0.00; 0.00; 0.00; 0.00; 0.00; 0.00; 0
42; 1.0000; 0.0000; 0.0000; 0.0000; 0.5063; 0.4566; 0.0118; 0.3723; 172.35; 0.98; 31.11; 172.35; 0.98; 31.11; 0.9927; 0.0000; 0.0015; 0.0016; 0.0001; 0.0037; 224.82; 0.30; 9.56; 0.00; 0.00; 0.00; 0.00; 0.00; 0.00; 0
43; 1.0000; 0.0000; 0.0000; 0.0000; 0.5063;      0;      0;      0; 118.35; 0.98; 31.11; 118.35; 0.98; 31.11; 0.9910; 0.0000; 0.0013; 0.0016; 0.0001; 0.0041; 161.88; 0.69; 21.69; 0.00; 0.00; 0.00; 0.00; 0.00; 0.00; 0
44; 1.0000; 0.0000; 0.0000; 0.0000; 0.5063;      0;      0;      0; 112.59; 1.07; 33.94; 112.59; 1.07; 33.94; 0.9906; 0.0000; 0.0015; 0.0016; 0.0001; 0.0042; 154.90; 0.82; 25.91; 0.00; 0.00; 0.00; 0.00; 0.00; 0.00; 0
45; 1.0000; 0.0000; 0.0000; 0.0000; 0.5063;      0;      0;      0; 102.28; 1.01; 31.94; 102.28; 1.01; 31.94; 0.9824; 0.0001; 0.0030; 0.0026; 0.0002; 0.0057; 84.66; 0.29; 9.10; 0.00; 0.00; 0.00; 0.00; 0.00; 0.00; 0
46; 1.0000; 0.0000; 0.0000; 0.0000; 0.5063; 0.4559; 0.0114; 0.3598; 172.28; 1.01; 31.94; 172.28; 1.01; 31.94; 0.9927; 0.0000; 0.0015; 0.0016; 0.0001; 0.0034; 224.66; 0.29; 9.10; 0.00; 0.00; 0.00; 0.00; 0.00; 0.00; 0
47; 1.0000; 0.0000; 0.0000; 0.0000; 0.5063;      0;      0;      0; 118.28; 1.01; 31.94; 118.28; 1.01; 31.94; 0.9909; 0.0000; 0.0013; 0.0015; 0.0001; 0.0037; 161.73; 0.70; 22.05; 0.00; 0.00; 0.00; 0.00; 0.00; 0.00; 0
48; 1.0000; 0.0000; 0.0000; 0.0000; 0.5063;      0;      0;      0; 112.47; 1.11; 35.05; 112.47; 1.11; 35.05; 0.9906; 0.0000; 0.0014; 0.0015; 0.0001; 0.0038; 154.58; 0.84; 26.71; 0.00; 0.00; 0.00; 0.00; 0.00; 0.00; 0
49; 1.0000; 0.0000; 0.0000; 0.0000; 0.5063;      0;      0;      0; 101.19; 0.99; 31.18; 101.19; 0.99; 31.18; 0.9825; 0.0001; 0.0030; 0.0029; 0.0002; 0.0066; 84.73; 0.29; 9.17; 0.00; 0.00; 0.00; 0.00; 0.00; 0.00; 0
50; 1.0000; 0.0000; 0.0000; 0.0000; 0.5063; 0.4545; 0.0117; 0.3691; 171.19; 0.99; 31.18; 171.19; 0.99; 31.18; 0.9927; 0.0000; 0.0015; 0.0017; 0.0001; 0.0039; 224.73; 0.29; 9.17; 0.00; 0.00; 0.00; 0.00; 0.00; 0.00; 0
51; 1.0000; 0.0000; 0.0000; 0.0000; 0.5063;      0;      0;      0; 117.19; 0.99; 31.18; 117.19; 0.99; 31.18; 0.9910; 0.0000; 0.0013; 0.0015; 0.0001; 0.0039; 161.09; 0.68; 21.60; 0.00; 0.00; 0.00; 0.00; 0.00; 0.00; 0
52; 1.0000; 0.0000; 0.0000; 0.0000; 0.5063;      0;      0;      0; 111.25; 1.08; 34.18; 111.25; 1.08; 34.18; 0.9906; 0.0000; 0.0015; 0.0015; 0.0001; 0.0039; 153.81; 0.83; 26.12; 0.00; 0.00; 0.00; 0.00; 0.00; 0.00; 0
53; 1.0000; 0.0000; 0.0000; 0.0000; 0.5063;      0;      0;      0; 101.33; 0.97; 30.69; 101.33; 0.97; 30.69; 0.9824; 0.0001; 0.0031; 0.0027; 0.0002; 0.0066; 84.56; 0.29; 9.25; 0.00; 0.00; 0.00; 0.00; 0.00; 0.00; 0
54; 1.0000; 0.0000; 0.0000; 0.0000; 0.5063; 0.4652; 0.0116; 0.3672; 171.33; 0.97; 30.69; 171.33; 0.97; 30.69; 0.9927; 0.0000; 0.0015; 0.0016; 0.0001; 0.0038; 224.56; 0.29; 9.25; 0.00; 0.00; 0.00; 0.00; 0.00; 0.00; 0
55; 1.0000; 0.0000; 0.0000; 0.0000; 0.5063;      0;      0;      0; 117.33; 0.97; 30.69; 117.33; 0.97; 30.69; 0.9909; 0.0000; 0.0013; 0.0014; 0.0001; 0.0041; 161.26; 0.69; 21.70; 0.00; 0.00; 0.00; 0.00; 0.00; 0.00; 0
56; 1.0000; 0.0000; 0.0000; 0.0000; 0.5063;      0;      0;      0; 111.47; 1.06; 33.59; 111.47; 1.06; 33.59; 0.9906; 0.0000; 0.0015; 0.0014; 0.0001; 0.0042; 154.19; 0.83; 26.10; 0.00; 0.00; 0.00; 0.00; 0.00; 0.00; 0
57; 1.0000; 0.0000; 0.0000; 0.0000; 0.5063;      0;      0;      0; 101.25; 0.99; 31.21; 101.25; 0.99; 31.21; 0.9827; 0.0001; 0.0028; 0.0025; 0.0002; 0.0058; 84.95; 0.28; 8.88; 0.00; 0.00; 0.00; 0.00; 0.00; 0.00; 0
58; 1.0000; 0.0000; 0.0000; 0.0000; 0.5063; 0.4605; 0.0115; 0.3634; 171.25; 0.99; 31.21; 171.25; 0.99; 31.21; 0.9928; 0.0000; 0.0015; 0.0015; 0.0001; 0.0034; 224.95; 0.28; 8.88; 0.00; 0.00; 0.00; 0.00; 0.00; 0.00; 0
59; 1.0000; 0.0000; 0.0000; 0.0000; 0.5063;      0;      0;      0; 117.25; 0.99; 31.21; 117.25; 0.99; 31.21; 0.9910; 0.0000; 0.0012; 0.0014; 0.0001; 0.0038; 161.83; 0.69; 21.81; 0.00; 0.00; 0.00; 0.00; 0.00; 0.00; 0
60; 1.0000; 0.0000; 0.0000; 0.0000; 0.5063;      0;      0;      0; 111.30; 1.09; 34.40; 111.30; 1.09; 34.40; 0.9906; 0.0000; 0.0015; 0.0014; 0.0001; 0.0040; 154.43; 0.85; 26.79; 0.00; 0.00; 0.00; 0.00; 0.00; 0.00; 0
61; 1.0000; 0.0000; 0.0000; 0.0000; 0.5063;      0;      0;      0; 102.48; 0.98; 31.03; 102.48; 0.98; 31.03; 0.9826; 0.0001; 0.0029; 0.0026; 0.0002; 0.0062; 84.85; 0.29; 9.24; 0.00; 0.00; 0.00; 0.00; 0.00; 0.00; 0
62; 1.0000; 0.0000; 0.0000; 0.0000; 0.5063; 0.4727; 0.0117; 0.3698; 172.48; 0.98; 31.03; 172.48; 0.98; 31.03; 0.9927; 0.0000; 0.0015; 0.0016; 0.0001; 0.0037; 224.85; 0.29; 9.24; 0.00; 0.00; 0.00; 0.00; 0.00; 0.00; 0
63; 1.0000; 0.0000; 0.0000; 0.0000; 0.5063;      0;      0;      0; 118.48; 0.98; 31.03; 118.48; 0.98; 31.03; 0.9910; 0.0000; 0.0013; 0.0016; 0.0001; 0.0042; 162.45; 0.68; 21.57; 0.00; 0.00; 0.00; 0.00; 0.00; 0.00; 0
64; 1.0000; 0.0000; 0.0000; 0.0000; 0.5063;      0;      0;      0; 112.80; 1.08; 34.00; 112.80; 1.08; 34.00; 0.9907; 0.0000; 0.0014; 0.0016; 0.0001; 0.0043; 155.55; 0.82; 26.02; 0.00; 0.00; 0.00; 0.00; 0.00; 0.00; 0
65; 1.0000; 0.0000; 0.0000; 0.0000; 0.5063;      0;      0;      0; 102.43; 1.01; 31.98; 102.43; 1.01; 31.98; 0.9825; 0.0001; 0.0031; 0.0028; 0.0002; 0.0065; 84.97; 0.30; 9.34; 0.00; 0.00; 0.00; 0.00; 0.00; 0.00; 0
66; 1.0000; 0.0000; 0.0000; 0.0000; 0.5063; 0.4548; 0.0117; 0.3699; 172.43; 1.01; 31.98; 172.43; 1.01; 31.98; 0.9927; 0.0001; 0.0016; 0.0016; 0.0001; 0.0038; 224.97; 0.30; 9.34; 0.00; 0.00; 0.00; 0.00; 0.00; 0.00; 0
67; 1.0000; 0.0000; 0.0000; 0.0000; 0.5063;      0;      0;      0; 118.43; 1.01; 31.98; 118.43; 1.01; 31.98; 0.9909; 0.0000; 0.0014; 0.0015; 0.0001; 0.0041; 161.84; 0.71; 22.53; 0.00; 0.00; 0.00; 0.00; 0.00; 0.00; 0
68; 1.0000; 0.0000; 0.0000; 0.0000; 0.5063;      0;      0;      0; 112.61; 1.11; 35.13; 112.61; 1.11; 35.13; 0.9905; 0.0000; 0.0016; 0.0015; 0.0001; 0.0042; 154.65; 0.87; 27.37; 0.00; 0.00; 0.00; 0.00; 0.00; 0.00; 0
69; 1.0000; 0.0000; 0.0000; 0.0000; 0.5063;      0;      0;      0; 102.07; 1.02; 32.16; 102.07; 1.02; 32.16; 0.9823; 0.0001; 0.0031; 0.0030; 0.0002; 0.0067; 84.23; 0.29; 9.15; 0.00; 0.00; 0.00; 0.00; 0.00; 0.00; 0
70; 1.0000; 0.0000; 0.0000; 0.0000; 0.5063; 0.4587; 0.0120; 0.3780; 172.07; 1.02; 32.16; 172.07; 1.02; 32.16; 0.9926; 0.0001; 0.0016; 0.0018; 0.0001; 0.0039; 224.23; 0.29; 9.15; 0.00; 0.00; 0.00; 0.00; 0.00; 0.00; 0
71; 1.0000; 0.0000; 0.0000; 0.0000; 0.5063;      0;      0;      0; 118.07; 1.02; 32.16; 118.07; 1.02; 32.16; 0.9909; 0.0000; 0.0014; 0.0017; 0.0001; 0.0043; 161.33; 0.69; 21.92; 0.00; 0.00; 0.00; 0.00; 0.00; 0.00; 0
72; 1.0000; 0.0000; 0.0000; 0.0000; 0.5063;      0;      0;      0; 112.28; 1.11; 35.22; 112.28; 1.11; 35.22; 0.9905; 0.0000; 0.0015; 0.0017; 0.0001; 0.0044; 154.17; 0.84; 26.61; 0.00; 0.00; 0.00; 0.00; 0.00; 0.00; 0
73; 1.0000; 0.0000; 0.0000; 0.0000; 0.5063;      0;      0;      0; 101.77; 1.04; 32.84; 101.77; 1.04; 32.84; 0.9826; 0.0001; 0.0031; 0.0027; 0.0002; 0.0066; 84.85; 0.29; 9.06; 0.00; 0.00; 0.00; 0.00; 0.00; 0.00; 0
74; 1.0000; 0.0000; 0.0000; 0.0000; 0.5063; 0.4588; 0.0121; 0.3820; 171.77; 1.04; 32.84; 171.77; 1.04; 32.84; 0.9927; 0.0001; 0.0016; 0.0016; 0.0001; 0.0039; 224.85; 0.29; 9.06; 0.00; 0.00; 0.00; 0.00; 0.00; 0.00; 0
75; 1.0000; 0.0000; 0.0000; 0.0000; 0.5063;      0;      0;      0; 117.77; 1.04; 32.84; 117.77; 1.04; 32.84; 0.9909; 0.0000; 0.0013; 0.0018; 0.0001; 0.0047; 161.02; 0.70; 22.20; 0.00; 0.00; 0.00; 0.00; 0.00; 0.00; 0
76; 1.0000; 0.0000; 0.0000; 0.0000; 0.5063;      0;      0;      0; 111.94; 1.14; 36.06; 111.94; 1.14; 36.06; 0.9905; 0.0000; 0.0015; 0.0018; 0.0002; 0.0049; 153.76; 0.86; 27.12; 0.00; 0.00; 0.00; 0.00; 0.00; 0.00; 0
77; 1.0000; 0.0000; 0.0000; 0.0000; 0.5063;      0;      0;      0; 102.64; 1.01; 31.96; 102.64; 1.01; 31.96; 0.9826; 0.0001; 0.0031; 0.0027; 0.0002; 0.0062; 84.98; 0.29; 9.30; 0.00; 0.00; 0.00; 0.00; 0.00; 0.00; 0
78; 1.0000; 0.0000; 0.0000; 0.0000; 0.5063; 0.4709; 0.0120; 0.3803; 172.64; 1.01; 31.96; 172.64; 1.01; 31.96; 0.9927; 0.0000; 0.0016; 0.0016; 0.0001; 0.0036; 224.98; 0.29; 9.30; 0.00; 0.00; 0.00; 0.00; 0.00; 0.00; 0
79; 1.0000; 0.0000; 0.0000; 0.0000; 0.5063;      0;      0;      0; 118.64; 1.01; 31.96; 118.64; 1.01; 31.96; 0.9910; 0.0000; 0.0014; 0.0016; 0.0001; 0.0042; 162.14; 0.70; 22.27; 0.00; 0.00; 0.00; 0.00; 0.00; 0.00; 0
80; 1.0000; 0.0000; 0.0000; 0.0000; 0.5063;      0;      0;      0; 112.96; 1.11; 35.07; 112.96; 1.11; 35.07; 0.9906; 0.0000; 0.0016; 0.0015; 0.0001; 0.0041; 155.14; 0.86; 27.26; 0.00; 0.00; 0.00; 0.00; 0.00; 0.00; 0
81; 1.0000; 0.0000; 0.0000; 0.0000; 0.5063;      0;      0;      0; 100.46; 0.98; 31.07; 100.46; 0.98; 31.07; 0.9825; 0.0001; 0.0029; 0.0026; 0.0002; 0.0062; 84.10; 0.29; 9.29; 0.00; 0.00; 0.00; 0.00; 0.00; 0.00; 0
82; 1.0000; 0.0000; 0.0000; 0.0000; 0.5063; 0.4466; 0.0120; 0.3809; 170.46; 0.98; 31.07; 170.46; 0.98; 31.07; 0.9927; 0.0000; 0.0015; 0.0015; 0.0001; 0.0036; 224.10; 0.29; 9.29; 0.00; 0.00; 0.00; 0.00; 0.00; 0.00; 0
83; 1.0000; 0.0000; 0.0000; 0.0000; 0.5063;      0;      0;      0; 116.46; 0.98; 31.07; 116.46; 0.98; 31.07; 0.9909; 0.0000; 0.0013; 0.0014; 0.0001; 0.0041; 160.24; 0.70; 22.11; 0.00; 0.00; 0.00; 0.00; 0.00; 0.00; 0
84; 1.0000; 0.0000; 0.0000; 0.0000; 0.5063;      0;      0;      0; 110.63; 1.08; 34.13; 110.63; 1.08; 34.13; 0.9905; 0.0000; 0.0014; 0.0014; 0.0001; 0.0042; 153.06; 0.85; 26.81; 0.00; 0.00; 0.00; 0.00; 0.00; 0.00; 0
85; 1.0000; 0.0000; 0.0000; 0.0000; 0.5063;      0;      0;      0; 101.95; 1.01; 31.96; 101.95; 1.01; 31.96; 0.9825; 0.0001; 0.0030; 0.0024; 0.0002; 0.0058; 84.76; 0.29; 9.23; 0.00; 0.00; 0.00; 0.00; 0.00; 0.00; 0
86; 1.0000; 0.0000; 0.0000; 0.0000; 0.5063; 0.4749; 0.0118; 0.3730; 171.95; 1.01; 31.96; 171.95; 1.01; 31.96; 0.9927; 0.0000; 0.0015; 0.0014; 0.0001; 0.0034; 224.76; 0.29; 9.23; 0.00; 0.00; 0.00; 0.00; 0.00; 0.00; 0
87; 1.0000; 0.0000; 0.0000; 0.0000; 0.5063;      0;      0;      0; 117.95; 1.01; 31.96; 117.95; 1.01; 31.96; 0.9910; 0.0000; 0.0013; 0.0015; 0.0001; 0.0039; 161.59; 0.69; 21.81; 0.00; 0.00; 0.00; 0.00; 0.00; 0.00; 0
88; 1.0000; 0.0000; 0.0000; 0.0000; 0.5063;      0;      0;      0; 112.10; 1.11; 35.01; 112.10; 1.11; 35.01; 0.9906; 0.0000; 0.0015; 0.0015; 0.0001; 0.0041; 154.35; 0.84; 26.63; 0.00; 0.00; 0.00; 0.00; 0.00; 0.00; 0
89; 1.0000; 0.0000; 0.0000; 0.0000; 0.5063;      0;      0;      0; 102.37; 1.01; 31.87; 102.37; 1.01; 31.87; 0.9824; 0.0001; 0.0030; 0.0028; 0.0002; 0.0060; 84.41; 0.29; 9.21; 0.00; 0.00; 0.00; 0.00; 0.00; 0.00; 0
90; 1.0000; 0.0000; 0.0000; 0.0000; 0.5063; 0.4640; 0.0120; 0.3797; 172.37; 1.01; 31.87; 172.37; 1.01; 31.87; 0.9926; 0.0000; 0.0016; 0.0017; 0.0001; 0.0036; 224.41; 0.29; 9.21; 0.00; 0.00; 0.00; 0.00; 0.00; 0.00; 0
91; 1.0000; 0.0000; 0.0000; 0.0000; 0.5063;      0;      0;      0; 118.37; 1.01; 31.87; 118.37; 1.01; 31.87; 0.9909; 0.0000; 0.0013; 0.0016; 0.0001; 0.0039; 161.58; 0.70; 22.17; 0.00; 0.00; 0.00; 0.00; 0.00; 0.00; 0
92; 1.0000; 0.0000; 0.0000; 0.0000; 0.5063;      0;      0;      0; 112.63; 1.10; 34.82; 112.63; 1.10; 34.82; 0.9906; 0.0000; 0.0014; 0.0016; 0.0001; 0.0038; 154.68; 0.84; 26.60; 0.00; 0.00; 0.00; 0.00; 0.00; 0.00; 0
93; 1.0000; 0.0000; 0.0000; 0.0000; 0.5063;      0;      0;      0; 104.28; 1.04; 32.75; 104.28; 1.04; 32.75; 0.9824; 0.0001; 0.0030; 0.0026; 0.0002; 0.0060; 84.81; 0.29; 9.29; 0.00; 0.00; 0.00; 0.00; 0.00; 0.00; 0
94; 1.0000; 0.0000; 0.0000; 0.0000; 0.5063; 0.4696; 0.0119; 0.3767; 174.28; 1.04; 32.75; 174.28; 1.04; 32.75; 0.9926; 0.0000; 0.0016; 0.0016; 0.0001; 0.0036; 224.81; 0.29; 9.29; 0.00; 0.00; 0.00; 0.00; 0.00; 0.00; 0
95; 1.0000; 0.0000; 0.0000; 0.0000; 0.5063;      0;      0;      0; 120.28; 1.04; 32.75; 120.28; 1.04; 32.75; 0.9909; 0.0000; 0.0013; 0.0015; 0.0001; 0.0038; 162.55; 0.70; 22.09; 0.00; 0.00; 0.00; 0.00; 0.00; 0.00; 0
96; 1.0000; 0.0000; 0.0000; 0.0000; 0.5063;      0;      0;      0; 114.70; 1.14; 35.96; 114.70; 1.14; 35.96; 0.9905; 0.0000; 0.0015; 0.0014; 0.0001; 0.0039; 155.67; 0.85; 26.95; 0.00; 0.00; 0.00; 0.00; 0.00; 0.00; 0
97; 1.0000; 0.0000; 0.0000; 0.0000; 0.5063;      0;      0;      0; 101.96; 0.96; 30.37; 101.96; 0.96; 30.37; 0.9822; 0.0001; 0.0032; 0.0027; 0.0002; 0.0060; 83.82; 0.31; 9.90; 0.00; 0.00; 0.00; 0.00; 0.00; 0.00; 0
98; 1.0000; 0.0000; 0.0000; 0.0000; 0.5063; 0.4419; 0.0120; 0.3779; 171.96; 0.96; 30.37; 171.96; 0.96; 30.37; 0.9926; 0.0000; 0.0015; 0.0016; 0.0001; 0.0035; 223.82; 0.31; 9.90; 0.00; 0.00; 0.00; 0.00; 0.00; 0.00; 0
99; 1.0000; 0.0000; 0.0000; 0.0000; 0.5063;      0;      0;      0; 117.96; 0.96; 30.37; 117.96; 0.96; 30.37; 0.9908; 0.0000; 0.0014; 0.0015; 0.0001; 0.0039; 161.08; 0.67; 21.34; 0.00; 0.00; 0.00; 0.00; 0.00; 0.00; 0
100; 1.0000; 0.0000; 0.0000; 0.0000; 0.5063;      0;      0;      0; 112.28; 1.06; 33.43; 112.28; 1.06; 33.43; 0.9905; 0.0000; 0.0015; 0.0014; 0.0001; 0.0040; 154.25; 0.81; 25.77; 0.00; 0.00; 0.00; 0.00; 0.00; 0.00; 0
101; 1.0000; 0.0000; 0.0000; 0.0000; 0.5063;      0;      0;      0; 103.13; 1.01; 32.08; 103.13; 1.01; 32.08; 0.9824; 0.0001; 0.0029; 0.0028; 0.0002; 0.0067; 84.80; 0.29; 9.17; 0.00; 0.00; 0.00; 0.00; 0.00; 0.00; 0
102; 1.0000; 0.0000; 0.0000; 0.0000; 0.5063; 0.4631; 0.0115; 0.3649; 173.13; 1.01; 32.08; 173.13; 1.01; 32.08; 0.9926; 0.0000; 0.0015; 0.0016; 0.0001; 0.0038; 224.80; 0.29; 9.17; 0.00; 0.00; 0.00; 0.00; 0.00; 0.00; 0
103; 1.0000; 0.0000; 0.0000; 0.0000; 0.5063;      0;      0;      0; 119.13; 1.01; 32.08; 119.13; 1.01; 32.08; 0.9909; 0.0000; 0.0012; 0.0015; 0.0001; 0.0042; 162.12; 0.70; 22.10; 0.00; 0.00; 0.00; 0.00; 0.00; 0.00; 0
104; 1.0000; 0.0000; 0.0000; 0.0000; 0.5063;      0;      0;      0; 113.43; 1.11; 35.05; 113.43; 1.11; 35.05; 0.9906; 0.0000; 0.0014; 0.0015; 0.0001; 0.0044; 155.15; 0.85; 26.77; 0.00; 0.00; 0.00; 0.00; 0.00; 0.00; 0
105; 1.0000; 0.0000; 0.0000; 0.0000; 0.5063;      0;      0;      0; 102.27; 0.98; 30.87; 102.27; 0.98; 30.87; 0.9823; 0.0001; 0.0029; 0.0026; 0.0002; 0.0059; 84.29; 0.28; 8.90; 0.00; 0.00; 0.00; 0.00; 0.00; 0.00; 0
106; 1.0000; 0.0000; 0.0000; 0.0000; 0.5063; 0.4530; 0.0116; 0.3664; 172.27; 0.98; 30.87; 172.27; 0.98; 30.87; 0.9926; 0.0000; 0.0015; 0.0016; 0.0001; 0.0035; 224.29; 0.28; 8.90; 0.00; 0.00; 0.00; 0.00; 0.00; 0.00; 0
107; 1.0000; 0.0000; 0.0000; 0.0000; 0.5063;      0;      0;      0; 118.27; 0.98; 30.87; 118.27; 0.98; 30.87; 0.9909; 0.0000; 0.0013; 0.0016; 0.0001; 0.0040; 161.74; 0.66; 20.94; 0.00; 0.00; 0.00; 0.00; 0.00; 0.00; 0
108; 1.0000; 0.0000; 0.0000; 0.0000; 0.5063;      0;      0;      0; 112.55; 1.07; 33.95; 112.55; 1.07; 33.95; 0.9906; 0.0000; 0.0014; 0.0016; 0.0001; 0.0041; 154.73; 0.81; 25.53; 0.00; 0.00; 0.00; 0.00; 0.00; 0.00; 0
109; 1.0000; 0.0000; 0.0000; 0.0000; 0.5063;      0;      0;      0; 102.21; 1.00; 31.75; 102.21; 1.00; 31.75; 0.9823; 0.0001; 0.0030; 0.0028; 0.0002; 0.0064; 84.43; 0.28; 8.99; 0.00; 0.00; 0.00; 0.00; 0.00; 0.00; 0
110; 1.0000; 0.0000; 0.0000; 0.0000; 0.5063; 0.4562; 0.0115; 0.3641; 172.21; 1.00; 31.75; 172.21; 1.00; 31.75; 0.9926; 0.0000; 0.0015; 0.0016; 0.0001; 0.0037; 224.43; 0.28; 8.99; 0.00; 0.00; 0.00; 0.00; 0.00; 0.00; 0
111; 1.0000; 0.0000; 0.0000; 0.0000; 0.5063;      0;      0;      0; 118.21; 1.00; 31.75; 118.21; 1.00; 31.75; 0.9909; 0.0000; 0.0013; 0.0016; 0.0001; 0.0040; 161.45; 0.69; 21.89; 0.00; 0.00; 0.00; 0.00; 0.00; 0.00; 0
112; 1.0000; 0.0000; 0.0000; 0.0000; 0.5063;      0;      0;      0; 112.49; 1.10; 34.78; 112.49; 1.10; 34.78; 0.9905; 0.0000; 0.0015; 0.0016; 0.0001; 0.0042; 154.54; 0.84; 26.45; 0.00; 0.00; 0.00; 0.00; 0.00; 0.00; 0
113; 1.0000; 0.0000; 0.0000; 0.0000; 0.5063;      0;      0;      0; 101.41; 0.97; 30.70; 101.41; 0.97; 30.70; 0.9825; 0.0001; 0.0030; 0.0024; 0.0002; 0.0055; 85.09; 0.29; 9.19; 0.00; 0.00; 0.00; 0.00; 0.00; 0.00; 0
114; 1.0000; 0.0000; 0.0000; 0.0000; 0.5063; 0.4547; 0.0115; 0.3627; 171.41; 0.97; 30.70; 171.41; 0.97; 30.70; 0.9927; 0.0000; 0.0015; 0.0014; 0.0001; 0.0032; 225.09; 0.29; 9.19; 0.00; 0.00; 0.00; 0.00; 0.00; 0.00; 0
115; 1.0000; 0.0000; 0.0000; 0.0000; 0.5063;      0;      0;      0; 117.41; 0.97; 30.70; 117.41; 0.97; 30.70; 0.9909; 0.0000; 0.0013; 0.0015; 0.0001; 0.0038; 161.28; 0.68; 21.45; 0.00; 0.00; 0.00; 0.00; 0.00; 0.00; 0
116; 1.0000; 0.0000; 0.0000; 0.0000; 0.5063;      0;      0;      0; 111.73; 1.07; 33.77; 111.73; 1.07; 33.77; 0.9906; 0.0000; 0.0015; 0.0016; 0.0001; 0.0040; 154.36; 0.82; 26.08; 0.00; 0.00; 0.00; 0.00; 0.00; 0.00; 0
117; 1.0000; 0.0000; 0.0000; 0.0000; 0.5063;      0;      0;      0; 101.64; 1.04; 32.86; 101.64; 1.04; 32.86; 0.9826; 0.0001; 0.0029; 0.0026; 0.0002; 0.0058; 85.00; 0.28; 8.97; 0.00; 0.00; 0.00; 0.00; 0.00; 0.00; 0
118; 1.0000; 0.0000; 0.0000; 0.0000; 0.5063; 0.4598; 0.0115; 0.3644; 171.64; 1.04; 32.86; 171.64; 1.04; 32.86; 0.9927; 0.0000; 0.0015; 0.0015; 0.0001; 0.0034; 225.00; 0.28; 8.97; 0.00; 0.00; 0.00; 0.00; 0.00; 0.00; 0
119; 1.0000; 0.0000; 0.0000; 0.0000; 0.5063;      0;      0;      0; 117.64; 1.04; 32.86; 117.64; 1.04; 32.86; 0.9910; 0.0000; 0.0013; 0.0016; 0.0001; 0.0040; 161.42; 0.70; 22.10; 0.00; 0.00; 0.00; 0.00; 0.00; 0.00; 0
120; 1.0000; 0.0000; 0.0000; 0.0000; 0.5063;      0;      0;      0; 111.69; 1.14; 36.19; 111.69; 1.14; 36.19; 0.9906; 0.0000; 0.0015; 0.0016; 0.0001; 0.0041; 153.91; 0.86; 27.29; 0.00; 0.00; 0.00; 0.00; 0.00; 0.00; 0
121; 1.0000; 0.0000; 0.0000; 0.0000; 0.5063;      0;      0;      0; 100.93; 0.96; 30.29; 100.93; 0.96; 30.29; 0.9826; 0.0001; 0.0030; 0.0028; 0.0002; 0.0066; 84.55; 0.29; 9.07; 0.00; 0.00; 0.00; 0.00; 0.00; 0.00; 0
122; 1.0000; 0.0000; 0.0000; 0.0000; 0.5063; 0.4641; 0.0122; 0.3844; 170.93; 0.96; 30.29; 170.93; 0.96; 30.29; 0.9927; 0.0000; 0.0015; 0.0017; 0.0001; 0.0039; 224.55; 0.29; 9.07; 0.00; 0.00; 0.00; 0.00; 0.00; 0.00; 0
123; 1.0000; 0.0000; 0.0000; 0.0000; 0.5063;      0;      0;      0; 116.93; 0.96; 30.29; 116.93; 0.96; 30.29; 0.9910; 0.0000; 0.0013; 0.0017; 0.0001; 0.0043; 160.80; 0.68; 21.50; 0.00; 0.00; 0.00; 0.00; 0.00; 0.00; 0
124; 1.0000; 0.0000; 0.0000; 0.0000; 0.5063;      0;      0;      0; 111.21; 1.06; 33.38; 111.21; 1.06; 33.38; 0.9906; 0.0000; 0.0014; 0.0018; 0.0001; 0.0045; 153.71; 0.83; 26.17; 0.00; 0.00; 0.00; 0.00; 0.00; 0.00; 0
125; 1.0000; 0.0000; 0.0000; 0.0000; 0.5063;      0;      0;      0; 102.06; 1.03; 32.60; 102.06; 1.03; 32.60; 0.9827; 0.0001; 0.0029; 0.0027; 0.0002; 0.0063; 84.81; 0.29; 9.22; 0.00; 0.00; 0.00; 0.00; 0.00; 0.00; 0
126; 1.0000; 0.0000; 0.0000; 0.0000; 0.5063; 0.4669; 0.0113; 0.3576; 172.06; 1.03; 32.60; 172.06; 1.03; 32.60; 0.9927; 0.0000; 0.0015; 0.0016; 0.0001; 0.0037; 224.81; 0.29; 9.22; 0.00; 0.00; 0.00; 0.00; 0.00; 0.00; 0
127; 1.0000; 0.0000; 0.0000; 0.0000; 0.5063;      0;      0;      0; 118.06; 1.03; 32.60; 118.06; 1.03; 32.60; 0.9910; 0.0000; 0.0013; 0.0016; 0.0001; 0.0042; 161.45; 0.71; 22.42; 0.00; 0.00; 0.00; 0.00; 0.00; 0.00; 0
128; 1.0000; 0.0000; 0.0000; 0.0000; 0.5063;      0;      0;      0; 112.31; 1.13; 35.73; 112.31; 1.13; 35.73; 0.9906; 0.0000; 0.0015; 0.0016; 0.0001; 0.0044; 154.29; 0.87; 27.40; 0.00; 0.00; 0.00; 0.00; 0.00; 0.00; 0
129; 1.0000; 0.0000; 0.0000; 0.0000; 0.5063;      0;      0;      0; 102.59; 0.94; 29.88; 102.59; 0.94; 29.88; 0.9825; 0.0001; 0.0031; 0.0033; 0.0002; 0.0068; 84.84; 0.30; 9.33; 0.00; 0.00; 0.00; 0.00; 0.00; 0.00; 0
130; 1.0000; 0.0000; 0.0000; 0.0000; 0.5063; 0.4689; 0.0119; 0.3755; 172.59; 0.94; 29.88; 172.59; 0.94; 29.88; 0.9926; 0.0000; 0.0015; 0.0020; 0.0001; 0.0040; 224.84; 0.30; 9.33; 0.00; 0.00; 0.00; 0.00; 0.00; 0.00; 0
131; 1.0000; 0.0000; 0.0000; 0.0000; 0.5063;      0;      0;      0; 118.59; 0.94; 29.88; 118.59; 0.94; 29.88; 0.9910; 0.0000; 0.0014; 0.0018; 0.0001; 0.0045; 162.53; 0.65; 20.69; 0.00; 0.00; 0.00; 0.00; 0.00; 0.00; 0
132; 1.0000; 0.0000; 0.0000; 0.0000; 0.5063;      0;      0;      0; 112.96; 1.04; 32.96; 112.96; 1.04; 32.96; 0.9906; 0.0000; 0.0015; 0.0017; 0.0001; 0.0046; 155.69; 0.80; 25.19; 0.00; 0.00; 0.00; 0.00; 0.00; 0.00; 0
133; 1.0000; 0.0000; 0.0000; 0.0000; 0.5063;      0;      0;      0; 102.38; 1.03; 32.45; 102.38; 1.03; 32.45; 0.9826; 0.0001; 0.0030; 0.0029; 0.0002; 0.0065; 85.12; 0.30; 9.37; 0.00; 0.00; 0.00; 0.00; 0.00; 0.00; 0
134; 1.0000; 0.0000; 0.0000; 0.0000; 0.5063; 0.4504; 0.0114; 0.3608; 172.38; 1.03; 32.45; 172.38; 1.03; 32.45; 0.9927; 0.0000; 0.0015; 0.0017; 0.0001; 0.0039; 225.12; 0.30; 9.37; 0.00; 0.00; 0.00; 0.00; 0.00; 0.00; 0
135; 1.0000; 0.0000; 0.0000; 0.0000; 0.5063;      0;      0;      0; 118.38; 1.03; 32.45; 118.38; 1.03; 32.45; 0.9910; 0.0000; 0.0014; 0.0017; 0.0001; 0.0044; 161.93; 0.70; 22.11; 0.00; 0.00; 0.00; 0.00; 0.00; 0.00; 0
136; 1.0000; 0.0000; 0.0000; 0.0000; 0.5063;      0;      0;      0; 112.54; 1.13; 35.58; 112.54; 1.13; 35.58; 0.9906; 0.0000; 0.0016; 0.0016; 0.0001; 0.0044; 154.63; 0.85; 26.79; 0.00; 0.00; 0.00; 0.00; 0.00; 0.00; 0
137; 1.0000; 0.0000; 0.0000; 0.0000; 0.5063;      0;      0;      0; 101.69; 0.99; 31.23; 101.69; 0.99; 31.23; 0.9826; 0.0001; 0.0030; 0.0026; 0.0002; 0.0060; 84.86; 0.29; 9.24; 0.00; 0.00; 0.00; 0.00; 0.00; 0.00; 0
138; 1.0000; 0.0000; 0.0000; 0.0000; 0.5063; 0.4583; 0.0117; 0.3699; 171.69; 0.99; 31.23; 171.69; 0.99; 31.23; 0.9927; 0.0000; 0.0015; 0.0016; 0.0001; 0.0035; 224.86; 0.29; 9.24; 0.00; 0.00; 0.00; 0.00; 0.00; 0.00; 0
139; 1.0000; 0.0000; 0.0000; 0.0000; 0.5063;      0;      0;      0; 117.69; 0.99; 31.23; 117.69; 0.99; 31.23; 0.9910; 0.0000; 0.0014; 0.0016; 0.0001; 0.0042; 161.71; 0.69; 21.94; 0.00; 0.00; 0.00; 0.00; 0.00; 0.00; 0
140; 1.0000; 0.0000; 0.0000; 0.0000; 0.5063;      0;      0;      0; 111.68; 1.08; 34.31; 111.68; 1.08; 34.31; 0.9906; 0.0000; 0.0015; 0.0015; 0.0001; 0.0042; 154.34; 0.84; 26.69; 0.00; 0.00; 0.00; 0.00; 0.00; 0.00; 0
141; 1.0000; 0.0000; 0.0000; 0.0000; 0.5063;      0;      0;      0; 101.62; 0.99; 31.31; 101.62; 0.99; 31.31; 0.9825; 0.0001; 0.0029; 0.0029; 0.0002; 0.0064; 84.51; 0.29; 9.19; 0.00; 0.00; 0.00; 0.00; 0.00; 0.00; 0
142; 1.0000; 0.0000; 0.0000; 0.0000; 0.5063; 0.4630; 0.0115; 0.3651; 171.62; 0.99; 31.31; 171.62; 0.99; 31.31; 0.9927; 0.0000; 0.0016; 0.0018; 0.0001; 0.0038; 224.51; 0.29; 9.19; 0.00; 0.00; 0.00; 0.00; 0.00; 0.00; 0
143; 1.0000; 0.0000; 0.0000; 0.0000; 0.5063;      0;      0;      0; 117.62; 0.99; 31.31; 117.62; 0.99; 31.31; 0.9909; 0.0000; 0.0013; 0.0016; 0.0001; 0.0043; 161.28; 0.69; 21.85; 0.00; 0.00; 0.00; 0.00; 0.00; 0.00; 0
144; 1.0000; 0.0000; 0.0000; 0.0000; 0.5063;      0;      0;      0; 112.02; 1.09; 34.38; 112.02; 1.09; 34.38; 0.9906; 0.0000; 0.0015; 0.0016; 0.0001; 0.0044; 154.39; 0.84; 26.50; 0.00; 0.00; 0.00; 0.00; 0.00; 0.00; 0
145; 1.0000; 0.0000; 0.0000; 0.0000; 0.5063;      0;      0;      0; 100.83; 0.97; 30.56; 100.83; 0.97; 30.56; 0.9825; 0.0001; 0.0030; 0.0027; 0.0002; 0.0061; 84.44; 0.29; 9.14; 0.00; 0.00; 0.00; 0.00; 0.00; 0.00; 0
146; 1.0000; 0.0000; 0.0000; 0.0000; 0.5063; 0.4571; 0.0117; 0.3708; 170.83; 0.97; 30.56; 170.83; 0.97; 30.56; 0.9927; 0.0000; 0.0015; 0.0016; 0.0001; 0.0035; 224.44; 0.29; 9.14; 0.00; 0.00; 0.00; 0.00; 0.00; 0.00; 0
147; 1.0000; 0.0000; 0.0000; 0.0000; 0.5063;      0;      0;      0; 116.83; 0.97; 30.56; 116.83; 0.97; 30.56; 0.9910; 0.0000; 0.0013; 0.0015; 0.0001; 0.0041; 160.81; 0.66; 20.88; 0.00; 0.00; 0.00; 0.00; 0.00; 0.00; 0
148; 1.0000; 0.0000; 0.0000; 0.0000; 0.5063;      0;      0;      0; 111.08; 1.06; 33.51; 111.08; 1.06; 33.51; 0.9906; 0.0000; 0.0015; 0.0015; 0.0001; 0.0042; 153.76; 0.81; 25.47; 0.00; 0.00; 0.00; 0.00; 0.00; 0.00; 0
149; 1.0000; 0.0000; 0.0000; 0.0000; 0.5063;      0;      0;      0; 101.90; 1.02; 32.23; 101.90; 1.02; 32.23; 0.9823; 0.0001; 0.0030; 0.0029; 0.0002; 0.0064; 84.38; 0.29; 9.26; 0.00; 0.00; 0.00; 0.00; 0.00; 0.00; 0
150; 1.0000; 0.0000; 0.0000; 0.0000; 0.5063; 0.4669; 0.0117; 0.3706; 171.90; 1.02; 32.23; 171.90; 1.02; 32.23; 0.9926; 0.0000; 0.0015; 0.0017; 0.0001; 0.0037; 224.38; 0.29; 9.26; 0.00; 0.00; 0.00; 0.00; 0.00; 0.00; 0
151; 1.0000; 0.0000; 0.0000; 0.0000; 0.5063;      0;      0;      0; 117.90; 1.02; 32.23; 117.90; 1.02; 32.23; 0.9909; 0.0000; 0.0013; 0.0018; 0.0001; 0.0044; 161.47; 0.70; 21.99; 0.00; 0.00; 0.00; 0.00; 0.00; 0.00; 0
152; 1.0000; 0.0000; 0.0000; 0.0000; 0.5063;      0;      0;      0; 112.21; 1.11; 35.15; 112.21; 1.11; 35.15; 0.9906; 0.0000; 0.0015; 0.0018; 0.0001; 0.0046; 154.46; 0.83; 26.27; 0.00; 0.00; 0.00; 0.00; 0.00; 0.00; 0
153; 1.0000; 0.0000; 0.0000; 0.0000; 0.5063;      0;      0;      0; 101.70; 0.97; 30.80; 101.70; 0.97; 30.80; 0.9824; 0.0001; 0.0031; 0.0031; 0.0002; 0.0067; 84.64; 0.30; 9.38; 0.00; 0.00; 0.00; 0.00; 0.00; 0.00; 0
154; 1.0000; 0.0000; 0.0000; 0.0000; 0.5063; 0.4594; 0.0119; 0.3764; 171.70; 0.97; 30.80; 171.70; 0.97; 30.80; 0.9927; 0.0000; 0.0015; 0.0019; 0.0001; 0.0039; 224.64; 0.30; 9.38; 0.00; 0.00; 0.00; 0.00; 0.00; 0.00; 0
155; 1.0000; 0.0000; 0.0000; 0.0000; 0.5063;      0;      0;      0; 117.70; 0.97; 30.80; 117.70; 0.97; 30.80; 0.9909; 0.0000; 0.0014; 0.0018; 0.0001; 0.0042; 161.64; 0.70; 22.21; 0.00; 0.00; 0.00; 0.00; 0.00; 0.00; 0
156; 1.0000; 0.0000; 0.0000; 0.0000; 0.5063;      0;      0;      0; 111.98; 1.07; 33.73; 111.98; 1.07; 33.73; 0.9906; 0.0000; 0.0016; 0.0017; 0.0001; 0.0043; 154.65; 0.85; 26.72; 0.00; 0.00; 0.00; 0.00; 0.00; 0.00; 0
157; 1.0000; 0.0000; 0.0000; 0.0000; 0.5063;      0;      0;      0; 101.30; 1.01; 31.86; 101.30; 1.01; 31.86; 0.9825; 0.0001; 0.0029; 0.0030; 0.0002; 0.0066; 84.82; 0.28; 8.83; 0.00; 0.00; 0.00; 0.00; 0.00; 0.00; 0
158; 1.0000; 0.0000; 0.0000; 0.0000; 0.5063; 0.4570; 0.0118; 0.3720; 171.30; 1.01; 31.86; 171.30; 1.01; 31.86; 0.9927; 0.0000; 0.0015; 0.0018; 0.0001; 0.0039; 224.82; 0.28; 8.83; 0.00; 0.00; 0.00; 0.00; 0.00; 0.00; 0
159; 1.0000; 0.0000; 0.0000; 0.0000; 0.5063;      0;      0;      0; 117.30; 1.01; 31.86; 117.30; 1.01; 31.86; 0.9909; 0.0000; 0.0013; 0.0017; 0.0001; 0.0045; 160.86; 0.69; 21.68; 0.00; 0.00; 0.00; 0.00; 0.00; 0.00; 0
160; 1.0000; 0.0000; 0.0000; 0.0000; 0.5063;      0;      0;      0; 111.43; 1.11; 34.96; 111.43; 1.11; 34.96; 0.9906; 0.0000; 0.0014; 0.0016; 0.0001; 0.0044; 153.62; 0.83; 26.39; 0.00; 0.00; 0.00; 0.00; 0.00; 0.00; 0
161; 1.0000; 0.0000; 0.0000; 0.0000; 0.5063;      0;      0;      0; 102.11; 0.98; 31.10; 102.11; 0.98; 31.10; 0.9825; 0.0001; 0.0029; 0.0030; 0.0002; 0.0065; 84.41; 0.29; 9.20; 0.00; 0.00; 0.00; 0.00; 0.00; 0.00; 0
162; 1.0000; 0.0000; 0.0000; 0.0000; 0.5063; 0.4696; 0.0116; 0.3672; 172.11; 0.98; 31.10; 172.11; 0.98; 31.10; 0.9927; 0.0000; 0.0015; 0.0017; 0.0001; 0.0038; 224.41; 0.29; 9.20; 0.00; 0.00; 0.00; 0.00; 0.00; 0.00; 0
163; 1.0000; 0.0000; 0.0000; 0.0000; 0.5063;      0;      0;      0; 118.11; 0.98; 31.10; 118.11; 0.98; 31.10; 0.9909; 0.0000; 0.0013; 0.0018; 0.0001; 0.0044; 161.46; 0.68; 21.42; 0.00; 0.00; 0.00; 0.00; 0.00; 0.00; 0
164; 1.0000; 0.0000; 0.0000; 0.0000; 0.5063;      0;      0;      0; 112.52; 1.07; 33.95; 112.52; 1.07; 33.95; 0.9906; 0.0000; 0.0014; 0.0018; 0.0001; 0.0046; 154.63; 0.82; 25.78; 0.00; 0.00; 0.00; 0.00; 0.00; 0.00; 0
165; 1.0000; 0.0000; 0.0000; 0.0000; 0.5063;      0;      0;      0; 101.29; 0.98; 30.99; 101.29; 0.98; 30.99; 0.9824; 0.0001; 0.0030; 0.0030; 0.0002; 0.0061; 84.34; 0.30; 9.45; 0.00; 0.00; 0.00; 0.00; 0.00; 0.00; 0
166; 1.0000; 0.0000; 0.0000; 0.0000; 0.5063; 0.4513; 0.0114; 0.3612; 171.29; 0.98; 30.99; 171.29; 0.98; 30.99; 0.9927; 0.0000; 0.0016; 0.0018; 0.0001; 0.0036; 224.34; 0.30; 9.45; 0.00; 0.00; 0.00; 0.00; 0.00; 0.00; 0
167; 1.0000; 0.0000; 0.0000; 0.0000; 0.5063;      0;      0;      0; 117.29; 0.98; 30.99; 117.29; 0.98; 30.99; 0.9909; 0.0000; 0.0013; 0.0018; 0.0001; 0.0043; 160.93; 0.70; 22.29; 0.00; 0.00; 0.00; 0.00; 0.00; 0.00; 0
168; 1.0000; 0.0000; 0.0000; 0.0000; 0.5063;      0;      0;      0; 111.39; 1.08; 34.03; 111.39; 1.08; 34.03; 0.9905; 0.0000; 0.0015; 0.0019; 0.0001; 0.0046; 153.67; 0.86; 27.07; 0.00; 0.00; 0.00; 0.00; 0.00; 0.00; 0
169; 1.0000; 0.0000; 0.0000; 0.0000; 0.5063;      0;      0;      0; 100.40; 0.96; 30.45; 100.40; 0.96; 30.45; 0.9824; 0.0001; 0.0031; 0.0032; 0.0002; 0.0068; 84.19; 0.28; 8.78; 0.00; 0.00; 0.00; 0.00; 0.00; 0.00; 0
170; 1.0000; 0.0000; 0.0000; 0.0000; 0.5063; 0.4600; 0.0116; 0.3680; 170.40; 0.96; 30.45; 170.40; 0.96; 30.45; 0.9927; 0.0000; 0.0016; 0.0019; 0.0001; 0.0040; 224.19; 0.28; 8.78; 0.00; 0.00; 0.00; 0.00; 0.00; 0.00; 0
171; 1.0000; 0.0000; 0.0000; 0.0000; 0.5063;      0;      0;      0; 116.40; 0.96; 30.45; 116.40; 0.96; 30.45; 0.9909; 0.0000; 0.0013; 0.0020; 0.0001; 0.0046; 160.29; 0.68; 21.46; 0.00; 0.00; 0.00; 0.00; 0.00; 0.00; 0
172; 1.0000; 0.0000; 0.0000; 0.0000; 0.5063;      0;      0;      0; 110.47; 1.06; 33.55; 110.47; 1.06; 33.55; 0.9905; 0.0000; 0.0015; 0.0020; 0.0002; 0.0047; 153.06; 0.83; 26.29; 0.00; 0.00; 0.00; 0.00; 0.00; 0.00; 0
173; 1.0000; 0.0000; 0.0000; 0.0000; 0.5063;      0;      0;      0; 103.43; 1.02; 32.37; 103.43; 1.02; 32.37; 0.9823; 0.0001; 0.0031; 0.0031; 0.0002; 0.0068; 84.28; 0.29; 9.29; 0.00; 0.00; 0.00; 0.00; 0.00; 0.00; 0
174; 1.0000; 0.0000; 0.0000; 0.0000; 0.5063; 0.4830; 0.0116; 0.3683; 173.43; 1.02; 32.37; 173.43; 1.02; 32.37; 0.9926; 0.0001; 0.0016; 0.0018; 0.0001; 0.0040; 224.28; 0.29; 9.29; 0.00; 0.00; 0.00; 0.00; 0.00; 0.00; 0
175; 1.0000; 0.0000; 0.0000; 0.0000; 0.5063;      0;      0;      0; 119.43; 1.02; 32.37; 119.43; 1.02; 32.37; 0.9909; 0.0000; 0.0014; 0.0018; 0.0001; 0.0044; 162.08; 0.68; 21.61; 0.00; 0.00; 0.00; 0.00; 0.00; 0.00; 0
176; 1.0000; 0.0000; 0.0000; 0.0000; 0.5063;      0;      0;      0; 113.80; 1.12; 35.31; 113.80; 1.12; 35.31; 0.9905; 0.0000; 0.0016; 0.0017; 0.0001; 0.0044; 155.23; 0.82; 26.06; 0.00; 0.00; 0.00; 0.00; 0.00; 0.00; 0
177; 1.0000; 0.0000; 0.0000; 0.0000; 0.5063;      0;      0;      0; 102.55; 1.01; 31.98; 102.55; 1.01; 31.98; 0.9822; 0.0001; 0.0031; 0.0031; 0.0002; 0.0065; 84.22; 0.29; 9.13; 0.00; 0.00; 0.00; 0.00; 0.00; 0.00; 0
178; 1.0000; 0.0000; 0.0000; 0.0000; 0.5063; 0.4491; 0.0118; 0.3737; 172.55; 1.01; 31.98; 172.55; 1.01; 31.98; 0.9926; 0.0001; 0.0016; 0.0018; 0.0001; 0.0037; 224.22; 0.29; 9.13; 0.00; 0.00; 0.00; 0.00; 0.00; 0.00; 0
179; 1.0000; 0.0000; 0.0000; 0.0000; 0.5063;      0;      0;      0; 118.55; 1.01; 31.98; 118.55; 1.01; 31.98; 0.9909; 0.0000; 0.0013; 0.0018; 0.0001; 0.0045; 161.31; 0.68; 21.54; 0.00; 0.00; 0.00; 0.00; 0.00; 0.00; 0
180; 1.0000; 0.0000; 0.0000; 0.0000; 0.5063;      0;      0;      0; 112.64; 1.11; 35.10; 112.64; 1.11; 35.10; 0.9905; 0.0000; 0.0015; 0.0019; 0.0001; 0.0047; 154.04; 0.83; 26.31; 0.00; 0.00; 0.00; 0.00; 0.00; 0.00; 0
181; 1.0000; 0.0000; 0.0000; 0.0000; 0.5063;      0;      0;      0; 102.26; 0.98; 30.86; 102.26; 0.98; 30.86; 0.9823; 0.0001; 0.0031; 0.0028; 0.0002; 0.0062; 84.40; 0.30; 9.37; 0.00; 0.00; 0.00; 0.00; 0.00; 0.00; 0
182; 1.0000; 0.0000; 0.0000; 0.0000; 0.5063; 0.4598; 0.0118; 0.3734; 172.26; 0.98; 30.86; 172.26; 0.98; 30.86; 0.9926; 0.0000; 0.0015; 0.0017; 0.0001; 0.0037; 224.40; 0.30; 9.37; 0.00; 0.00; 0.00; 0.00; 0.00; 0.00; 0
183; 1.0000; 0.0000; 0.0000; 0.0000; 0.5063;      0;      0;      0; 118.26; 0.98; 30.86; 118.26; 0.98; 30.86; 0.9909; 0.0000; 0.0013; 0.0017; 0.0001; 0.0043; 161.86; 0.68; 21.64; 0.00; 0.00; 0.00; 0.00; 0.00; 0.00; 0
184; 1.0000; 0.0000; 0.0000; 0.0000; 0.5063;      0;      0;      0; 112.59; 1.07; 33.79; 112.59; 1.07; 33.79; 0.9906; 0.0000; 0.0014; 0.0017; 0.0001; 0.0045; 154.92; 0.83; 26.10; 0.00; 0.00; 0.00; 0.00; 0.00; 0.00; 0
185; 1.0000; 0.0000; 0.0000; 0.0000; 0.5063;      0;      0;      0; 103.11; 1.00; 31.74; 103.11; 1.00; 31.74; 0.9823; 0.0001; 0.0031; 0.0027; 0.0002; 0.0063; 84.57; 0.29; 9.26; 0.00; 0.00; 0.00; 0.00; 0.00; 0.00; 0
186; 1.0000; 0.0000; 0.0000; 0.0000; 0.5063; 0.4611; 0.0114; 0.3598; 173.11; 1.00; 31.74; 173.11; 1.00; 31.74; 0.9926; 0.0001; 0.0016; 0.0016; 0.0001; 0.0038; 224.57; 0.29; 9.26; 0.00; 0.00; 0.00; 0.00; 0.00; 0.00; 0
187; 1.0000; 0.0000; 0.0000; 0.0000; 0.5063;      0;      0;      0; 119.11; 1.00; 31.74; 119.11; 1.00; 31.74; 0.9909; 0.0000; 0.0014; 0.0017; 0.0001; 0.0043; 162.13; 0.67; 21.27; 0.00; 0.00; 0.00; 0.00; 0.00; 0.00; 0
188; 1.0000; 0.0000; 0.0000; 0.0000; 0.5063;      0;      0;      0; 113.39; 1.10; 34.70; 113.39; 1.10; 34.70; 0.9905; 0.0000; 0.0015; 0.0017; 0.0001; 0.0046; 155.20; 0.81; 25.75; 0.00; 0.00; 0.00; 0.00; 0.00; 0.00; 0
189; 1.0000; 0.0000; 0.0000; 0.0000; 0.5063;      0;      0;      0; 104.01; 0.97; 30.78; 104.01; 0.97; 30.78; 0.9825; 0.0001; 0.0030; 0.0028; 0.0002; 0.0064; 85.08; 0.29; 9.23; 0.00; 0.00; 0.00; 0.00; 0.00; 0.00; 0
190; 1.0000; 0.0000; 0.0000; 0.0000; 0.5063; 0.4612; 0.0114; 0.3600; 174.01; 0.97; 30.78; 174.01; 0.97; 30.78; 0.9926; 0.0000; 0.0015; 0.0016; 0.0001; 0.0038; 225.08; 0.29; 9.23; 0.00; 0.00; 0.00; 0.00; 0.00; 0.00; 0
191; 1.0000; 0.0000; 0.0000; 0.0000; 0.5063;      0;      0;      0; 120.01; 0.97; 30.78; 120.01; 0.97; 30.78; 0.9909; 0.0000; 0.0014; 0.0016; 0.0001; 0.0044; 162.82; 0.67; 21.31; 0.00; 0.00; 0.00; 0.00; 0.00; 0.00; 0
192; 1.0000; 0.0000; 0.0000; 0.0000; 0.5063;      0;      0;      0; 114.34; 1.07; 33.96; 114.34; 1.07; 33.96; 0.9906; 0.0000; 0.0015; 0.0016; 0.0001; 0.0044; 156.03; 0.82; 25.84; 0.00; 0.00; 0.00; 0.00; 0.00; 0.00; 0
193; 1.0000; 0.0000; 0.0000; 0.0000; 0.5063;      0;      0;      0; 101.66; 0.99; 31.39; 101.66; 0.99; 31.39; 0.9824; 0.0001; 0.0030; 0.0030; 0.0002; 0.0069; 84.49; 0.29; 9.04; 0.00; 0.00; 0.00; 0.00; 0.00; 0.00; 0
194; 1.0000; 0.0000; 0.0000; 0.0000; 0.5063; 0.4371; 0.0114; 0.3619; 171.66; 0.99; 31.39; 171.66; 0.99; 31.39; 0.9927; 0.0000; 0.0015; 0.0018; 0.0001; 0.0040; 224.49; 0.29; 9.04; 0.00; 0.00; 0.00; 0.00; 0.00; 0.00; 0
195; 1.0000; 0.0000; 0.0000; 0.0000; 0.5063;      0;      0;      0; 117.66; 0.99; 31.39; 117.66; 0.99; 31.39; 0.9909; 0.0000; 0.0013; 0.0017; 0.0001; 0.0046; 161.25; 0.70; 22.05; 0.00; 0.00; 0.00; 0.00; 0.00; 0.00; 0
196; 1.0000; 0.0000; 0.0000; 0.0000; 0.5063;      0;      0;      0; 111.90; 1.09; 34.36; 111.90; 1.09; 34.36; 0.9906; 0.0000; 0.0015; 0.0018; 0.0001; 0.0047; 154.25; 0.84; 26.49; 0.00; 0.00; 0.00; 0.00; 0.00; 0.00; 0
197; 1.0000; 0.0000; 0.0000; 0.0000; 0.5063;      0;      0;      0; 102.93; 1.00; 31.64; 102.93; 1.00; 31.64; 0.9825; 0.0001; 0.0029; 0.0030; 0.0002; 0.0066; 84.73; 0.29; 9.31; 0.00; 0.00; 0.00; 0.00; 0.00; 0.00; 0
198; 1.0000; 0.0000; 0.0000; 0.0000; 0.5063; 0.4681; 0.0117; 0.3708; 172.93; 1.00; 31.64; 172.93; 1.00; 31.64; 0.9926; 0.0000; 0.0015; 0.0017; 0.0001; 0.0039; 224.73; 0.29; 9.31; 0.00; 0.00; 0.00; 0.00; 0.00; 0.00; 0
199; 1.0000; 0.0000; 0.0000; 0.0000; 0.5063;      0;      0;      0; 118.93; 1.00; 31.64; 118.93; 1.00; 31.64; 0.9910; 0.0000; 0.0013; 0.0017; 0.0001; 0.0043; 162.19; 0.70; 22.12; 0.00; 0.00; 0.00; 0.00; 0.00; 0.00; 0
200; 1.0000; 0.0000; 0.0000; 0.0000; 0.5063;      0;      0;      0; 113.25; 1.09; 34.61; 113.25; 1.09; 34.61; 0.9906; 0.0000; 0.0014; 0.0017; 0.0001; 0.0044; 155.25; 0.84; 26.62; 0.00; 0.00; 0.00; 0.00; 0.00; 0.00; 0
201; 1.0000; 0.0000; 0.0000; 0.0000; 0.5063;      0;      0;      0; 102.00; 1.00; 31.67; 102.00; 1.00; 31.67; 0.9823; 0.0001; 0.0030; 0.0030; 0.0002; 0.0066; 83.93; 0.29; 9.02; 0.00; 0.00; 0.00; 0.00; 0.00; 0.00; 0
202; 1.0000; 0.0000; 0.0000; 0.0000; 0.5063; 0.4505; 0.0119; 0.3776; 172.00; 1.00; 31.67; 172.00; 1.00; 31.67; 0.9926; 0.0000; 0.0015; 0.0018; 0.0001; 0.0038; 223.93; 0.29; 9.02; 0.00; 0.00; 0.00; 0.00; 0.00; 0.00; 0
203; 1.0000; 0.0000; 0.0000; 0.0000; 0.5063;      0;      0;      0; 118.00; 1.00; 31.67; 118.00; 1.00; 31.67; 0.9909; 0.0000; 0.0013; 0.0018; 0.0001; 0.0044; 160.82; 0.69; 21.83; 0.00; 0.00; 0.00; 0.00; 0.00; 0.00; 0
204; 1.0000; 0.0000; 0.0000; 0.0000; 0.5063;      0;      0;      0; 112.30; 1.10; 34.69; 112.30; 1.10; 34.69; 0.9905; 0.0000; 0.0015; 0.0018; 0.0001; 0.0045; 153.84; 0.83; 26.35; 0.00; 0.00; 0.00; 0.00; 0.00; 0.00; 0
205; 1.0000; 0.0000; 0.0000; 0.0000; 0.5063;      0;      0;      0; 101.08; 1.00; 31.74; 101.08; 1.00; 31.74; 0.9824; 0.0001; 0.0029; 0.0030; 0.0002; 0.0065; 84.33; 0.29; 9.22; 0.00; 0.00; 0.00; 0.00; 0.00; 0.00; 0
206; 1.0000; 0.0000; 0.0000; 0.0000; 0.5063; 0.4544; 0.0117; 0.3689; 171.08; 1.00; 31.74; 171.08; 1.00; 31.74; 0.9927; 0.0000; 0.0015; 0.0018; 0.0001; 0.0038; 224.33; 0.29; 9.22; 0.00; 0.00; 0.00; 0.00; 0.00; 0.00; 0
207; 1.0000; 0.0000; 0.0000; 0.0000; 0.5063;      0;      0;      0; 117.08; 1.00; 31.74; 117.08; 1.00; 31.74; 0.9909; 0.0000; 0.0013; 0.0018; 0.0001; 0.0044; 160.66; 0.69; 21.77; 0.00; 0.00; 0.00; 0.00; 0.00; 0.00; 0
208; 1.0000; 0.0000; 0.0000; 0.0000; 0.5063;      0;      0;      0; 111.19; 1.10; 34.64; 111.19; 1.10; 34.64; 0.9905; 0.0000; 0.0014; 0.0018; 0.0001; 0.0044; 153.44; 0.83; 26.24; 0.00; 0.00; 0.00; 0.00; 0.00; 0.00; 0
209; 1.0000; 0.0000; 0.0000; 0.0000; 0.5063;      0;      0;      0; 102.69; 1.01; 32.09; 102.69; 1.01; 32.09; 0.9825; 0.0001; 0.0030; 0.0032; 0.0002; 0.0066; 84.64; 0.29; 9.07; 0.00; 0.00; 0.00; 0.00; 0.00; 0.00; 0
210; 1.0000; 0.0000; 0.0000; 0.0000; 0.5063; 0.4734; 0.0117; 0.3703; 172.69; 1.01; 32.09; 172.69; 1.01; 32.09; 0.9926; 0.0000; 0.0015; 0.0019; 0.0001; 0.0039; 224.64; 0.29; 9.07; 0.00; 0.00; 0.00; 0.00; 0.00; 0.00; 0
211; 1.0000; 0.0000; 0.0000; 0.0000; 0.5063;      0;      0;      0; 118.69; 1.01; 32.09; 118.69; 1.01; 32.09; 0.9909; 0.0000; 0.0013; 0.0019; 0.0001; 0.0043; 161.73; 0.69; 21.71; 0.00; 0.00; 0.00; 0.00; 0.00; 0.00; 0
212; 1.0000; 0.0000; 0.0000; 0.0000; 0.5063;      0;      0;      0; 112.94; 1.12; 35.27; 112.94; 1.12; 35.27; 0.9905; 0.0000; 0.0015; 0.0020; 0.0001; 0.0045; 154.66; 0.84; 26.60; 0.00; 0.00; 0.00; 0.00; 0.00; 0.00; 0
213; 1.0000; 0.0000; 0.0000; 0.0000; 0.5063;      0;      0;      0; 102.63; 1.00; 31.59; 102.63; 1.00; 31.59; 0.9824; 0.0001; 0.0032; 0.0031; 0.0002; 0.0066; 84.52; 0.30; 9.35; 0.00; 0.00; 0.00; 0.00; 0.00; 0.00; 0
214; 1.0000; 0.0000; 0.0000; 0.0000; 0.5063; 0.4593; 0.0116; 0.3663; 172.63; 1.00; 31.59; 172.63; 1.00; 31.59; 0.9926; 0.0000; 0.0016; 0.0018; 0.0001; 0.0038; 224.52; 0.30; 9.35; 0.00; 0.00; 0.00; 0.00; 0.00; 0.00; 0
215; 1.0000; 0.0000; 0.0000; 0.0000; 0.5063;      0;      0;      0; 118.63; 1.00; 31.59; 118.63; 1.00; 31.59; 0.9909; 0.0000; 0.0014; 0.0018; 0.0001; 0.0043; 161.92; 0.68; 21.50; 0.00; 0.00; 0.00; 0.00; 0.00; 0.00; 0
216; 1.0000; 0.0000; 0.0000; 0.0000; 0.5063;      0;      0;      0; 112.92; 1.09; 34.47; 112.92; 1.09; 34.47; 0.9906; 0.0000; 0.0015; 0.0018; 0.0001; 0.0044; 155.05; 0.81; 25.62; 0.00; 0.00; 0.00; 0.00; 0.00; 0.00; 0
217; 1.0000; 0.0000; 0.0000; 0.0000; 0.5063;      0;      0;      0; 103.04; 0.97; 30.81; 103.04; 0.97; 30.81; 0.9826; 0.0001; 0.0030; 0.0030; 0.0002; 0.0064; 85.23; 0.29; 9.02; 0.00; 0.00; 0.00; 0.00; 0.00; 0.00; 0
218; 1.0000; 0.0000; 0.0000; 0.0000; 0.5063; 0.4588; 0.0114; 0.3594; 173.04; 0.97; 30.81; 173.04; 0.97; 30.81; 0.9927; 0.0000; 0.0015; 0.0018; 0.0001; 0.0039; 225.23; 0.29; 9.02; 0.00; 0.00; 0.00; 0.00; 0.00; 0.00; 0
219; 1.0000; 0.0000; 0.0000; 0.0000; 0.5063;      0;      0;      0; 119.04; 0.97; 30.81; 119.04; 0.97; 30.81; 0.9910; 0.0000; 0.0013; 0.0017; 0.0001; 0.0042; 162.43; 0.68; 21.35; 0.00; 0.00; 0.00; 0.00; 0.00; 0.00; 0
220; 1.0000; 0.0000; 0.0000; 0.0000; 0.5063;      0;      0;      0; 113.30; 1.07; 33.82; 113.30; 1.07; 33.82; 0.9906; 0.0000; 0.0015; 0.0017; 0.0001; 0.0044; 155.46; 0.82; 25.88; 0.00; 0.00; 0.00; 0.00; 0.00; 0.00; 0
221; 1.0000; 0.0000; 0.0000; 0.0000; 0.5063;      0;      0;      0; 102.68; 1.00; 31.75; 102.68; 1.00; 31.75; 0.9825; 0.0001; 0.0031; 0.0029; 0.0002; 0.0065; 84.66; 0.30; 9.38; 0.00; 0.00; 0.00; 0.00; 0.00; 0.00; 0
222; 1.0000; 0.0000; 0.0000; 0.0000; 0.5063; 0.4517; 0.0114; 0.3620; 172.68; 1.00; 31.75; 172.68; 1.00; 31.75; 0.9926; 0.0001; 0.0016; 0.0017; 0.0001; 0.0039; 224.66; 0.30; 9.38; 0.00; 0.00; 0.00; 0.00; 0.00; 0.00; 0
223; 1.0000; 0.0000; 0.0000; 0.0000; 0.5063;      0;      0;      0; 118.68; 1.00; 31.75; 118.68; 1.00; 31.75; 0.9909; 0.0000; 0.0014; 0.0017; 0.0001; 0.0044; 161.66; 0.68; 21.61; 0.00; 0.00; 0.00; 0.00; 0.00; 0.00; 0
224; 1.0000; 0.0000; 0.0000; 0.0000; 0.5063;      0;      0;      0; 112.77; 1.10; 34.93; 112.77; 1.10; 34.93; 0.9905; 0.0000; 0.0015; 0.0018; 0.0001; 0.0046; 154.42; 0.83; 26.37; 0.00; 0.00; 0.00; 0.00; 0.00; 0.00; 0
225; 1.0000; 0.0000; 0.0000; 0.0000; 0.5063;      0;      0;      0; 103.35; 0.97; 30.82; 103.35; 0.97; 30.82; 0.9825; 0.0001; 0.0030; 0.0033; 0.0002; 0.0073; 85.11; 0.30; 9.34; 0.00; 0.00; 0.00; 0.00; 0.00; 0.00; 0
226; 1.0000; 0.0000; 0.0000; 0.0000; 0.5063; 0.4651; 0.0114; 0.3612; 173.35; 0.97; 30.82; 173.35; 0.97; 30.82; 0.9926; 0.0000; 0.0015; 0.0020; 0.0001; 0.0043; 225.11; 0.30; 9.34; 0.00; 0.00; 0.00; 0.00; 0.00; 0.00; 0
227; 1.0000; 0.0000; 0.0000; 0.0000; 0.5063;      0;      0;      0; 119.35; 0.97; 30.82; 119.35; 0.97; 30.82; 0.9910; 0.0000; 0.0013; 0.0018; 0.0001; 0.0046; 162.87; 0.67; 21.22; 0.00; 0.00; 0.00; 0.00; 0.00; 0.00; 0
228; 1.0000; 0.0000; 0.0000; 0.0000; 0.5063;      0;      0;      0; 113.65; 1.06; 33.66; 113.65; 1.06; 33.66; 0.9906; 0.0000; 0.0014; 0.0019; 0.0002; 0.0048; 155.97; 0.81; 25.54; 0.00; 0.00; 0.00; 0.00; 0.00; 0.00; 0
229; 1.0000; 0.0000; 0.0000; 0.0000; 0.5063;      0;      0;      0; 103.75; 1.02; 32.14; 103.75; 1.02; 32.14; 0.9825; 0.0001; 0.0030; 0.0032; 0.0002; 0.0070; 84.95; 0.29; 9.12; 0.00; 0.00; 0.00; 0.00; 0.00; 0.00; 0
230; 1.0000; 0.0000; 0.0000; 0.0000; 0.5063; 0.4535; 0.0112; 0.3537; 173.75; 1.02; 32.14; 173.75; 1.02; 32.14; 0.9926; 0.0000; 0.0016; 0.0019; 0.0001; 0.0040; 224.95; 0.29; 9.12; 0.00; 0.00; 0.00; 0.00; 0.00; 0.00; 0
231; 1.0000; 0.0000; 0.0000; 0.0000; 0.5063;      0;      0;      0; 119.75; 1.02; 32.14; 119.75; 1.02; 32.14; 0.9909; 0.0000; 0.0013; 0.0019; 0.0002; 0.0049; 162.64; 0.70; 22.24; 0.00; 0.00; 0.00; 0.00; 0.00; 0.00; 0
232; 1.0000; 0.0000; 0.0000; 0.0000; 0.5063;      0;      0;      0; 114.05; 1.11; 35.22; 114.05; 1.11; 35.22; 0.9906; 0.0000; 0.0015; 0.0019; 0.0002; 0.0050; 155.75; 0.85; 26.94; 0.00; 0.00; 0.00; 0.00; 0.00; 0.00; 0
233; 1.0000; 0.0000; 0.0000; 0.0000; 0.5063;      0;      0;      0; 102.72; 1.02; 32.19; 102.72; 1.02; 32.19; 0.9825; 0.0001; 0.0030; 0.0030; 0.0002; 0.0065; 84.64; 0.28; 8.89; 0.00; 0.00; 0.00; 0.00; 0.00; 0.00; 0
234; 1.0000; 0.0000; 0.0000; 0.0000; 0.5063; 0.4486; 0.0120; 0.3808; 172.72; 1.02; 32.19; 172.72; 1.02; 32.19; 0.9926; 0.0001; 0.0016; 0.0018; 0.0001; 0.0039; 224.64; 0.28; 8.89; 0.00; 0.00; 0.00; 0.00; 0.00; 0.00; 0
235; 1.0000; 0.0000; 0.0000; 0.0000; 0.5063;      0;      0;      0; 118.72; 1.02; 32.19; 118.72; 1.02; 32.19; 0.9909; 0.0000; 0.0013; 0.0019; 0.0001; 0.0047; 161.76; 0.69; 21.67; 0.00; 0.00; 0.00; 0.00; 0.00; 0.00; 0
236; 1.0000; 0.0000; 0.0000; 0.0000; 0.5063;      0;      0;      0; 112.96; 1.12; 35.34; 112.96; 1.12; 35.34; 0.9906; 0.0000; 0.0015; 0.0018; 0.0001; 0.0047; 154.74; 0.84; 26.44; 0.00; 0.00; 0.00; 0.00; 0.00; 0.00; 0
237; 1.0000; 0.0000; 0.0000; 0.0000; 0.5063;      0;      0;      0; 102.45; 1.02; 32.13; 102.45; 1.02; 32.13; 0.9824; 0.0001; 0.0031; 0.0031; 0.0002; 0.0067; 84.45; 0.30; 9.64; 0.00; 0.00; 0.00; 0.00; 0.00; 0.00; 0
238; 1.0000; 0.0000; 0.0000; 0.0000; 0.5063; 0.4571; 0.0121; 0.3825; 172.45; 1.02; 32.13; 172.45; 1.02; 32.13; 0.9926; 0.0000; 0.0016; 0.0018; 0.0001; 0.0039; 224.45; 0.30; 9.64; 0.00; 0.00; 0.00; 0.00; 0.00; 0.00; 0
239; 1.0000; 0.0000; 0.0000; 0.0000; 0.5063;      0;      0;      0; 118.45; 1.02; 32.13; 118.45; 1.02; 32.13; 0.9909; 0.0000; 0.0013; 0.0017; 0.0001; 0.0045; 161.65; 0.71; 22.29; 0.00; 0.00; 0.00; 0.00; 0.00; 0.00; 0
240; 1.0000; 0.0000; 0.0000; 0.0000; 0.5063;      0;      0;      0; 112.72; 1.12; 35.27; 112.72; 1.12; 35.27; 0.9905; 0.0000; 0.0015; 0.0017; 0.0001; 0.0047; 154.66; 0.85; 27.03; 0.00; 0.00; 0.00; 0.00; 0.00; 0.00; 0
241; 1.0000; 0.0000; 0.0000; 0.0000; 0.5063;      0;      0;      0; 102.26; 0.98; 31.05; 102.26; 0.98; 31.05; 0.9824; 0.0001; 0.0032; 0.0031; 0.0002; 0.0065; 84.66; 0.30; 9.49; 0.00; 0.00; 0.00; 0.00; 0.00; 0.00; 0
242; 1.0000; 0.0000; 0.0000; 0.0000; 0.5063; 0.4594; 0.0118; 0.3732; 172.26; 0.98; 31.05; 172.26; 0.98; 31.05; 0.9926; 0.0000; 0.0016; 0.0018; 0.0001; 0.0039; 224.66; 0.30; 9.49; 0.00; 0.00; 0.00; 0.00; 0.00; 0.00; 0
243; 1.0000; 0.0000; 0.0000; 0.0000; 0.5063;      0;      0;      0; 118.26; 0.98; 31.05; 118.26; 0.98; 31.05; 0.9910; 0.0000; 0.0014; 0.0018; 0.0001; 0.0043; 162.02; 0.67; 21.11; 0.00; 0.00; 0.00; 0.00; 0.00; 0.00; 0
244; 1.0000; 0.0000; 0.0000; 0.0000; 0.5063;      0;      0;      0; 112.63; 1.07; 33.95; 112.63; 1.07; 33.95; 0.9906; 0.0000; 0.0015; 0.0018; 0.0001; 0.0045; 155.13; 0.80; 25.37; 0.00; 0.00; 0.00; 0.00; 0.00; 0.00; 0
245; 1.0000; 0.0000; 0.0000; 0.0000; 0.5063;      0;      0;      0; 101.89; 0.96; 30.50; 101.89; 0.96; 30.50; 0.9824; 0.0001; 0.0030; 0.0029; 0.0002; 0.0063; 84.31; 0.29; 9.22; 0.00; 0.00; 0.00; 0.00; 0.00; 0.00; 0
246; 1.0000; 0.0000; 0.0000; 0.0000; 0.5063; 0.4543; 0.0115; 0.3633; 171.89; 0.96; 30.50; 171.89; 0.96; 30.50; 0.9926; 0.0000; 0.0015; 0.0017; 0.0001; 0.0038; 224.31; 0.29; 9.22; 0.00; 0.00; 0.00; 0.00; 0.00; 0.00; 0
247; 1.0000; 0.0000; 0.0000; 0.0000; 0.5063;      0;      0;      0; 117.89; 0.96; 30.50; 117.89; 0.96; 30.50; 0.9909; 0.0000; 0.0014; 0.0017; 0.0001; 0.0041; 161.26; 0.69; 21.75; 0.00; 0.00; 0.00; 0.00; 0.00; 0.00; 0
248; 1.0000; 0.0000; 0.0000; 0.0000; 0.5063;      0;      0;      0; 112.30; 1.06; 33.45; 112.30; 1.06; 33.45; 0.9905; 0.0000; 0.0016; 0.0016; 0.0001; 0.0041; 154.53; 0.83; 26.35; 0.00; 0.00; 0.00; 0.00; 0.00; 0.00; 0
249; 1.0000; 0.0000; 0.0000; 0.0000; 0.5063;      0;      0;      0; 102.18; 1.01; 31.95; 102.18; 1.01; 31.95; 0.9826; 0.0001; 0.0030; 0.0027; 0.0002; 0.0061; 84.75; 0.29; 9.17; 0.00; 0.00; 0.00; 0.00; 0.00; 0.00; 0
250; 1.0000; 0.0000; 0.0000; 0.0000; 0.5063; 0.4583; 0.0114; 0.3591; 172.18; 1.01; 31.95; 172.18; 1.01; 31.95; 0.9927; 0.0000; 0.0015; 0.0016; 0.0001; 0.0036; 224.75; 0.29; 9.17; 0.00; 0.00; 0.00; 0.00; 0.00; 0.00; 0
251; 1.0000; 0.0000; 0.0000; 0.0000; 0.5063;      0;      0;      0; 118.18; 1.01; 31.95; 118.18; 1.01; 31.95; 0.9909; 0.0000; 0.0013; 0.0016; 0.0001; 0.0041; 161.43; 0.71; 22.47; 0.00; 0.00; 0.00; 0.00; 0.00; 0.00; 0
252; 1.0000; 0.0000; 0.0000; 0.0000; 0.5063;      0;      0;      0; 112.30; 1.11; 35.17; 112.30; 1.11; 35.17; 0.9905; 0.0000; 0.0015; 0.0016; 0.0001; 0.0043; 154.18; 0.87; 27.51; 0.00; 0.00; 0.00; 0.00; 0.00; 0.00; 0
253; 1.0000; 0.0000; 0.0000; 0.0000; 0.5063;      0;      0;      0; 101.48; 1.01; 31.87; 101.48; 1.01; 31.87; 0.9825; 0.0001; 0.0030; 0.0029; 0.0002; 0.0063; 84.47; 0.29; 9.10; 0.00; 0.00; 0.00; 0.00; 0.00; 0.00; 0
254; 1.0000; 0.0000; 0.0000; 0.0000; 0.5063; 0.4589; 0.0118; 0.3737; 171.48; 1.01; 31.87; 171.48; 1.01; 31.87; 0.9927; 0.0000; 0.0015; 0.0017; 0.0001; 0.0037; 224.47; 0.29; 9.10; 0.00; 0.00; 0.00; 0.00; 0.00; 0.00; 0
255; 1.0000; 0.0000; 0.0000; 0.0000; 0.5063;      0;      0;      0; 117.48; 1.01; 31.87; 117.48; 1.01; 31.87; 0.9909; 0.0000; 0.0013; 0.0016; 0.0001; 0.0041; 161.12; 0.70; 22.25; 0.00; 0.00; 0.00; 0.00; 0.00; 0.00; 0
256; 1.0000; 0.0000; 0.0000; 0.0000; 0.5063;      0;      0;      0; 111.66; 1.10; 34.79; 111.66; 1.10; 34.79; 0.9906; 0.0000; 0.0015; 0.0016; 0.0001; 0.0043; 153.99; 0.85; 26.87; 0.00; 0.00; 0.00; 0.00; 0.00; 0.00; 0
257; 1.0000; 0.0000; 0.0000; 0.0000; 0.5063;      0;      0;      0; 101.72; 0.95; 30.08; 101.72; 0.95; 30.08; 0.9823; 0.0001; 0.0030; 0.0029; 0.0002; 0.0063; 84.43; 0.29; 9.07; 0.00; 0.00; 0.00; 0.00; 0.00; 0.00; 0
258; 1.0000; 0.0000; 0.0000; 0.0000; 0.5063; 0.4661; 0.0118; 0.3729; 171.72; 0.95; 30.08; 171.72; 0.95; 30.08; 0.9926; 0.0000; 0.0015; 0.0017; 0.0001; 0.0037; 224.43; 0.29; 9.07; 0.00; 0.00; 0.00; 0.00; 0.00; 0.00; 0
259; 1.0000; 0.0000; 0.0000; 0.0000; 0.5063;      0;      0;      0; 117.72; 0.95; 30.08; 117.72; 0.95; 30.08; 0.9909; 0.0000; 0.0013; 0.0017; 0.0001; 0.0041; 161.70; 0.66; 20.93; 0.00; 0.00; 0.00; 0.00; 0.00; 0.00; 0
260; 1.0000; 0.0000; 0.0000; 0.0000; 0.5063;      0;      0;      0; 111.92; 1.05; 33.05; 111.92; 1.05; 33.05; 0.9906; 0.0000; 0.0015; 0.0017; 0.0001; 0.0044; 154.69; 0.81; 25.54; 0.00; 0.00; 0.00; 0.00; 0.00; 0.00; 0
261; 1.0000; 0.0000; 0.0000; 0.0000; 0.5063;      0;      0;      0; 100.97; 1.01; 31.87; 100.97; 1.01; 31.87; 0.9825; 0.0001; 0.0030; 0.0026; 0.0002; 0.0062; 84.41; 0.29; 9.18; 0.00; 0.00; 0.00; 0.00; 0.00; 0.00; 0
262; 1.0000; 0.0000; 0.0000; 0.0000; 0.5063; 0.4526; 0.0113; 0.3560; 170.97; 1.01; 31.87; 170.97; 1.01; 31.87; 0.9927; 0.0000; 0.0015; 0.0016; 0.0001; 0.0036; 224.41; 0.29; 9.18; 0.00; 0.00; 0.00; 0.00; 0.00; 0.00; 0
263; 1.0000; 0.0000; 0.0000; 0.0000; 0.5063;      0;      0;      0; 116.97; 1.01; 31.87; 116.97; 1.01; 31.87; 0.9909; 0.0000; 0.0013; 0.0015; 0.0001; 0.0041; 160.76; 0.69; 21.88; 0.00; 0.00; 0.00; 0.00; 0.00; 0.00; 0
264; 1.0000; 0.0000; 0.0000; 0.0000; 0.5063;      0;      0;      0; 111.12; 1.11; 34.95; 111.12; 1.11; 34.95; 0.9906; 0.0000; 0.0015; 0.0016; 0.0001; 0.0041; 153.53; 0.84; 26.64; 0.00; 0.00; 0.00; 0.00; 0.00; 0.00; 0
265; 1.0000; 0.0000; 0.0000; 0.0000; 0.5063;      0;      0;      0; 101.50; 1.00; 31.77; 101.50; 1.00; 31.77; 0.9825; 0.0001; 0.0031; 0.0029; 0.0002; 0.0066; 84.71; 0.29; 9.18; 0.00; 0.00; 0.00; 0.00; 0.00; 0.00; 0
266; 1.0000; 0.0000; 0.0000; 0.0000; 0.5063; 0.4681; 0.0116; 0.3656; 171.50; 1.00; 31.77; 171.50; 1.00; 31.77; 0.9927; 0.0000; 0.0016; 0.0017; 0.0001; 0.0037; 224.71; 0.29; 9.18; 0.00; 0.00; 0.00; 0.00; 0.00; 0.00; 0
267; 1.0000; 0.0000; 0.0000; 0.0000; 0.5063;      0;      0;      0; 117.50; 1.00; 31.77; 117.50; 1.00; 31.77; 0.9910; 0.0000; 0.0013; 0.0017; 0.0001; 0.0043; 161.61; 0.69; 21.92; 0.00; 0.00; 0.00; 0.00; 0.00; 0.00; 0
268; 1.0000; 0.0000; 0.0000; 0.0000; 0.5063;      0;      0;      0; 111.75; 1.10; 34.90; 111.75; 1.10; 34.90; 0.9906; 0.0000; 0.0015; 0.0017; 0.0001; 0.0046; 154.48; 0.85; 26.79; 0.00; 0.00; 0.00; 0.00; 0.00; 0.00; 0
269; 1.0000; 0.0000; 0.0000; 0.0000; 0.5063;      0;      0;      0; 100.01; 0.94; 29.72; 100.01; 0.94; 29.72; 0.9824; 0.0001; 0.0030; 0.0029; 0.0002; 0.0066; 84.22; 0.29; 9.24; 0.00; 0.00; 0.00; 0.00; 0.00; 0.00; 0
270; 1.0000; 0.0000; 0.0000; 0.0000; 0.5063; 0.4560; 0.0120; 0.3802; 170.01; 0.94; 29.72; 170.01; 0.94; 29.72; 0.9927; 0.0000; 0.0015; 0.0017; 0.0001; 0.0039; 224.22; 0.29; 9.24; 0.00; 0.00; 0.00; 0.00; 0.00; 0.00; 0
271; 1.0000; 0.0000; 0.0000; 0.0000; 0.5063;      0;      0;      0; 116.01; 0.94; 29.72; 116.01; 0.94; 29.72; 0.9909; 0.0000; 0.0013; 0.0017; 0.0001; 0.0046; 160.54; 0.68; 21.54; 0.00; 0.00; 0.00; 0.00; 0.00; 0.00; 0
272; 1.0000; 0.0000; 0.0000; 0.0000; 0.5063;      0;      0;      0; 110.22; 1.03; 32.59; 110.22; 1.03; 32.59; 0.9906; 0.0000; 0.0015; 0.0018; 0.0001; 0.0047; 153.36; 0.82; 25.86; 0.00; 0.00; 0.00; 0.00; 0.00; 0.00; 0
273; 1.0000; 0.0000; 0.0000; 0.0000; 0.5063;      0;      0;      0; 102.44; 0.99; 31.16; 102.44; 0.99; 31.16; 0.9824; 0.0001; 0.0031; 0.0032; 0.0002; 0.0070; 84.61; 0.27; 8.69; 0.00; 0.00; 0.00; 0.00; 0.00; 0.00; 0
274; 1.0000; 0.0000; 0.0000; 0.0000; 0.5063; 0.4771; 0.0113; 0.3588; 172.44; 0.99; 31.16; 172.44; 0.99; 31.16; 0.9926; 0.0001; 0.0016; 0.0019; 0.0001; 0.0042; 224.61; 0.27; 8.69; 0.00; 0.00; 0.00; 0.00; 0.00; 0.00; 0
275; 1.0000; 0.0000; 0.0000; 0.0000; 0.5063;      0;      0;      0; 118.44; 0.99; 31.16; 118.44; 0.99; 31.16; 0.9909; 0.0000; 0.0013; 0.0019; 0.0002; 0.0048; 161.49; 0.69; 21.72; 0.00; 0.00; 0.00; 0.00; 0.00; 0.00; 0
276; 1.0000; 0.0000; 0.0000; 0.0000; 0.5063;      0;      0;      0; 112.73; 1.09; 34.33; 112.73; 1.09; 34.33; 0.9905; 0.0000; 0.0016; 0.0020; 0.0002; 0.0050; 154.46; 0.85; 26.81; 0.00; 0.00; 0.00; 0.00; 0.00; 0.00; 0
277; 1.0000; 0.0000; 0.0000; 0.0000; 0.5063;      0;      0;      0; 102.48; 1.01; 32.04; 102.48; 1.01; 32.04; 0.9823; 0.0001; 0.0031; 0.0030; 0.0002; 0.0066; 84.21; 0.30; 9.57; 0.00; 0.00; 0.00; 0.00; 0.00; 0.00; 0
278; 1.0000; 0.0000; 0.0000; 0.0000; 0.5063; 0.4588; 0.0120; 0.3804; 172.48; 1.01; 32.04; 172.48; 1.01; 32.04; 0.9926; 0.0000; 0.0015; 0.0018; 0.0001; 0.0038; 224.21; 0.30; 9.57; 0.00; 0.00; 0.00; 0.00; 0.00; 0.00; 0
279; 1.0000; 0.0000; 0.0000; 0.0000; 0.5063;      0;      0;      0; 118.48; 1.01; 32.04; 118.48; 1.01; 32.04; 0.9909; 0.0000; 0.0013; 0.0019; 0.0001; 0.0047; 161.51; 0.72; 22.92; 0.00; 0.00; 0.00; 0.00; 0.00; 0.00; 0
280; 1.0000; 0.0000; 0.0000; 0.0000; 0.5063;      0;      0;      0; 112.88; 1.11; 35.05; 112.88; 1.11; 35.05; 0.9905; 0.0000; 0.0015; 0.0019; 0.0002; 0.0049; 154.66; 0.87; 27.49; 0.00; 0.00; 0.00; 0.00; 0.00; 0.00; 0
281; 1.0000; 0.0000; 0.0000; 0.0000; 0.5063;      0;      0;      0; 102.64; 1.02; 32.33; 102.64; 1.02; 32.33; 0.9823; 0.0001; 0.0031; 0.0033; 0.0002; 0.0068; 84.67; 0.30; 9.44; 0.00; 0.00; 0.00; 0.00; 0.00; 0.00; 0
282; 1.0000; 0.0000; 0.0000; 0.0000; 0.5063; 0.4596; 0.0119; 0.3749; 172.64; 1.02; 32.33; 172.64; 1.02; 32.33; 0.9926; 0.0000; 0.0016; 0.0019; 0.0001; 0.0039; 224.67; 0.30; 9.44; 0.00; 0.00; 0.00; 0.00; 0.00; 0.00; 0
283; 1.0000; 0.0000; 0.0000; 0.0000; 0.5063;      0;      0;      0; 118.64; 1.02; 32.33; 118.64; 1.02; 32.33; 0.9909; 0.0000; 0.0013; 0.0019; 0.0001; 0.0046; 161.63; 0.71; 22.42; 0.00; 0.00; 0.00; 0.00; 0.00; 0.00; 0
284; 1.0000; 0.0000; 0.0000; 0.0000; 0.5063;      0;      0;      0; 112.76; 1.12; 35.44; 112.76; 1.12; 35.44; 0.9905; 0.0000; 0.0015; 0.0020; 0.0002; 0.0049; 154.44; 0.86; 27.18; 0.00; 0.00; 0.00; 0.00; 0.00; 0.00; 0
285; 1.0000; 0.0000; 0.0000; 0.0000; 0.5063;      0;      0;      0; 102.85; 1.01; 32.03; 102.85; 1.01; 32.03; 0.9823; 0.0001; 0.0031; 0.0034; 0.0002; 0.0072; 84.48; 0.30; 9.41; 0.00; 0.00; 0.00; 0.00; 0.00; 0.00; 0
286; 1.0000; 0.0000; 0.0000; 0.0000; 0.5063; 0.4623; 0.0122; 0.3856; 172.85; 1.01; 32.03; 172.85; 1.01; 32.03; 0.9926; 0.0000; 0.0016; 0.0020; 0.0001; 0.0041; 224.48; 0.30; 9.41; 0.00; 0.00; 0.00; 0.00; 0.00; 0.00; 0
287; 1.0000; 0.0000; 0.0000; 0.0000; 0.5063;      0;      0;      0; 118.85; 1.01; 32.03; 118.85; 1.01; 32.03; 0.9909; 0.0000; 0.0014; 0.0021; 0.0002; 0.0049; 161.68; 0.71; 22.36; 0.00; 0.00; 0.00; 0.00; 0.00; 0.00; 0
288; 1.0000; 0.0000; 0.0000; 0.0000; 0.5063;      0;      0;      0; 113.20; 1.11; 35.11; 113.20; 1.11; 35.11; 0.9905; 0.0000; 0.0015; 0.0020; 0.0002; 0.0051; 154.79; 0.85; 27.02; 0.00; 0.00; 0.00; 0.00; 0.00; 0.00; 0
289; 1.0000; 0.0000; 0.0000; 0.0000; 0.5063;      0;      0;      0; 103.23; 1.01; 31.95; 103.23; 1.01; 31.95; 0.9823; 0.0001; 0.0030; 0.0031; 0.0002; 0.0066; 84.39; 0.29; 9.19; 0.00; 0.00; 0.00; 0.00; 0.00; 0.00; 0
290; 1.0000; 0.0000; 0.0000; 0.0000; 0.5063; 0.4598; 0.0118; 0.3716; 173.23; 1.01; 31.95; 173.23; 1.01; 31.95; 0.9926; 0.0001; 0.0016; 0.0018; 0.0001; 0.0039; 224.39; 0.29; 9.19; 0.00; 0.00; 0.00; 0.00; 0.00; 0.00; 0
291; 1.0000; 0.0000; 0.0000; 0.0000; 0.5063;      0;      0;      0; 119.23; 1.01; 31.95; 119.23; 1.01; 31.95; 0.9909; 0.0000; 0.0014; 0.0019; 0.0001; 0.0045; 161.92; 0.68; 21.43; 0.00; 0.00; 0.00; 0.00; 0.00; 0.00; 0
292; 1.0000; 0.0000; 0.0000; 0.0000; 0.5063;      0;      0;      0; 113.63; 1.11; 34.96; 113.63; 1.11; 34.96; 0.9905; 0.0000; 0.0015; 0.0020; 0.0001; 0.0046; 155.05; 0.82; 25.86; 0.00; 0.00; 0.00; 0.00; 0.00; 0.00; 0
293; 1.0000; 0.0000; 0.0000; 0.0000; 0.5063;      0;      0;      0; 103.64; 1.02; 32.34; 103.64; 1.02; 32.34; 0.9823; 0.0001; 0.0032; 0.0030; 0.0002; 0.0065; 84.20; 0.31; 9.74; 0.00; 0.00; 0.00; 0.00; 0.00; 0.00; 0
294; 1.0000; 0.0000; 0.0000; 0.0000; 0.5063; 0.4568; 0.0117; 0.3690; 173.64; 1.02; 32.34; 173.64; 1.02; 32.34; 0.9926; 0.0000; 0.0016; 0.0018; 0.0001; 0.0039; 224.20; 0.31; 9.74; 0.00; 0.00; 0.00; 0.00; 0.00; 0.00; 0
295; 1.0000; 0.0000; 0.0000; 0.0000; 0.5063;      0;      0;      0; 119.64; 1.02; 32.34; 119.64; 1.02; 32.34; 0.9909; 0.0000; 0.0014; 0.0018; 0.0001; 0.0042; 162.20; 0.69; 21.80; 0.00; 0.00; 0.00; 0.00; 0.00; 0.00; 0
296; 1.0000; 0.0000; 0.0000; 0.0000; 0.5063;      0;      0;      0; 113.98; 1.12; 35.33; 113.98; 1.12; 35.33; 0.9905; 0.0000; 0.0016; 0.0018; 0.0001; 0.0044; 155.40; 0.83; 26.15; 0.00; 0.00; 0.00; 0.00; 0.00; 0.00; 0
297; 1.0000; 0.0000; 0.0000; 0.0000; 0.5063;      0;      0;      0; 102.53; 0.95; 29.90; 102.53; 0.95; 29.90; 0.9824; 0.0001; 0.0030; 0.0028; 0.0002; 0.0058; 84.74; 0.29; 9.28; 0.00; 0.00; 0.00; 0.00; 0.00; 0.00; 0
298; 1.0000; 0.0000; 0.0000; 0.0000; 0.5063; 0.4494; 0.0115; 0.3622; 172.53; 0.95; 29.90; 172.53; 0.95; 29.90; 0.9926; 0.0000; 0.0015; 0.0017; 0.0001; 0.0035; 224.74; 0.29; 9.28; 0.00; 0.00; 0.00; 0.00; 0.00; 0.00; 0
299; 1.0000; 0.0000; 0.0000; 0.0000; 0.5063;      0;      0;      0; 118.53; 0.95; 29.90; 118.53; 0.95; 29.90; 0.9909; 0.0000; 0.0014; 0.0018; 0.0001; 0.0042; 162.11; 0.65; 20.54; 0.00; 0.00; 0.00; 0.00; 0.00; 0.00; 0
300; 1.0000; 0.0000; 0.0000; 0.0000; 0.5063;      0;      0;      0; 112.74; 1.04; 32.99; 112.74; 1.04; 32.99; 0.9905; 0.0000; 0.0015; 0.0018; 0.0001; 0.0043; 155.02; 0.79; 25.11; 0.00; 0.00; 0.00; 0.00; 0.00; 0.00; 0
301; 1.0000; 0.0000; 0.0000; 0.0000; 0.5063;      0;      0;      0; 102.44; 0.98; 31.13; 102.44; 0.98; 31.13; 0.9824; 0.0001; 0.0031; 0.0030; 0.0002; 0.0067; 84.90; 0.29; 9.10; 0.00; 0.00; 0.00; 0.00; 0.00; 0.00; 0
302; 1.0000; 0.0000; 0.0000; 0.0000; 0.5063; 0.4540; 0.0112; 0.3536; 172.44; 0.98; 31.13; 172.44; 0.98; 31.13; 0.9926; 0.0000; 0.0016; 0.0018; 0.0001; 0.0040; 224.90; 0.29; 9.10; 0.00; 0.00; 0.00; 0.00; 0.00; 0.00; 0
303; 1.0000; 0.0000; 0.0000; 0.0000; 0.5063;      0;      0;      0; 118.44; 0.98; 31.13; 118.44; 0.98; 31.13; 0.9910; 0.0000; 0.0013; 0.0017; 0.0001; 0.0044; 162.29; 0.68; 21.45; 0.00; 0.00; 0.00; 0.00; 0.00; 0.00; 0
304; 1.0000; 0.0000; 0.0000; 0.0000; 0.5063;      0;      0;      0; 112.65; 1.08; 34.17; 112.65; 1.08; 34.17; 0.9906; 0.0000; 0.0015; 0.0017; 0.0001; 0.0045; 155.24; 0.82; 25.94; 0.00; 0.00; 0.00; 0.00; 0.00; 0.00; 0
305; 1.0000; 0.0000; 0.0000; 0.0000; 0.5063;      0;      0;      0; 102.48; 0.98; 31.11; 102.48; 0.98; 31.11; 0.9824; 0.0001; 0.0030; 0.0029; 0.0002; 0.0063; 84.68; 0.30; 9.33; 0.00; 0.00; 0.00; 0.00; 0.00; 0.00; 0
306; 1.0000; 0.0000; 0.0000; 0.0000; 0.5063; 0.4579; 0.0116; 0.3683; 172.48; 0.98; 31.11; 172.48; 0.98; 31.11; 0.9926; 0.0000; 0.0015; 0.0017; 0.0001; 0.0036; 224.68; 0.30; 9.33; 0.00; 0.00; 0.00; 0.00; 0.00; 0.00; 0
307; 1.0000; 0.0000; 0.0000; 0.0000; 0.5063;      0;      0;      0; 118.48; 0.98; 31.11; 118.48; 0.98; 31.11; 0.9909; 0.0000; 0.0013; 0.0017; 0.0001; 0.0041; 162.05; 0.68; 21.63; 0.00; 0.00; 0.00; 0.00; 0.00; 0.00; 0
308; 1.0000; 0.0000; 0.0000; 0.0000; 0.5063;      0;      0;      0; 112.86; 1.08; 34.00; 112.86; 1.08; 34.00; 0.9906; 0.0000; 0.0015; 0.0017; 0.0001; 0.0043; 155.17; 0.82; 26.05; 0.00; 0.00; 0.00; 0.00; 0.00; 0.00; 0
309; 1.0000; 0.0000; 0.0000; 0.0000; 0.5063;      0;      0;      0; 102.42; 0.97; 30.72; 102.42; 0.97; 30.72; 0.9824; 0.0001; 0.0031; 0.0031; 0.0002; 0.0062; 84.53; 0.30; 9.44; 0.00; 0.00; 0.00; 0.00; 0.00; 0.00; 0
310; 1.0000; 0.0000; 0.0000; 0.0000; 0.5063; 0.4559; 0.0115; 0.3642; 172.42; 0.97; 30.72; 172.42; 0.97; 30.72; 0.9926; 0.0000; 0.0016; 0.0018; 0.0001; 0.0037; 224.53; 0.30; 9.44; 0.00; 0.00; 0.00; 0.00; 0.00; 0.00; 0
311; 1.0000; 0.0000; 0.0000; 0.0000; 0.5063;      0;      0;      0; 118.42; 0.97; 30.72; 118.42; 0.97; 30.72; 0.9909; 0.0000; 0.0014; 0.0018; 0.0001; 0.0041; 161.93; 0.69; 21.70; 0.00; 0.00; 0.00; 0.00; 0.00; 0.00; 0
312; 1.0000; 0.0000; 0.0000; 0.0000; 0.5063;      0;      0;      0; 112.71; 1.07; 33.77; 112.71; 1.07; 33.77; 0.9905; 0.0000; 0.0015; 0.0018; 0.0001; 0.0042; 155.01; 0.83; 26.16; 0.00; 0.00; 0.00; 0.00; 0.00; 0.00; 0
313; 1.0000; 0.0000; 0.0000; 0.0000; 0.5063;      0;      0;      0; 102.39; 0.99; 31.26; 102.39; 0.99; 31.26; 0.9825; 0.0001; 0.0031; 0.0031; 0.0002; 0.0067; 84.89; 0.30; 9.58; 0.00; 0.00; 0.00; 0.00; 0.00; 0.00; 0
314; 1.0000; 0.0000; 0.0000; 0.0000; 0.5063; 0.4565; 0.0113; 0.3562; 172.39; 0.99; 31.26; 172.39; 0.99; 31.26; 0.9927; 0.0000; 0.0015; 0.0019; 0.0001; 0.0039; 224.89; 0.30; 9.58; 0.00; 0.00; 0.00; 0.00; 0.00; 0.00; 0
315; 1.0000; 0.0000; 0.0000; 0.0000; 0.5063;      0;      0;      0; 118.39; 0.99; 31.26; 118.39; 0.99; 31.26; 0.9910; 0.0000; 0.0014; 0.0019; 0.0001; 0.0045; 162.30; 0.68; 21.46; 0.00; 0.00; 0.00; 0.00; 0.00; 0.00; 0
316; 1.0000; 0.0000; 0.0000; 0.0000; 0.5063;      0;      0;      0; 112.74; 1.08; 34.12; 112.74; 1.08; 34.12; 0.9906; 0.0000; 0.0015; 0.0019; 0.0001; 0.0047; 155.41; 0.81; 25.74; 0.00; 0.00; 0.00; 0.00; 0.00; 0.00; 0
317; 1.0000; 0.0000; 0.0000; 0.0000; 0.5063;      0;      0;      0; 101.95; 0.97; 30.69; 101.95; 0.97; 30.69; 0.9825; 0.0001; 0.0030; 0.0030; 0.0002; 0.0066; 84.52; 0.28; 8.98; 0.00; 0.00; 0.00; 0.00; 0.00; 0.00; 0
318; 1.0000; 0.0000; 0.0000; 0.0000; 0.5063; 0.4543; 0.0115; 0.3624; 171.95; 0.97; 30.69; 171.95; 0.97; 30.69; 0.9927; 0.0000; 0.0015; 0.0018; 0.0001; 0.0038; 224.52; 0.28; 8.98; 0.00; 0.00; 0.00; 0.00; 0.00; 0.00; 0
319; 1.0000; 0.0000; 0.0000; 0.0000; 0.5063;      0;      0;      0; 117.95; 0.97; 30.69; 117.95; 0.97; 30.69; 0.9909; 0.0000; 0.0013; 0.0017; 0.0001; 0.0045; 161.85; 0.70; 22.19; 0.00; 0.00; 0.00; 0.00; 0.00; 0.00; 0
320; 1.0000; 0.0000; 0.0000; 0.0000; 0.5063;      0;      0;      0; 112.30; 1.07; 33.95; 112.30; 1.07; 33.95; 0.9906; 0.0000; 0.0015; 0.0018; 0.0001; 0.0047; 154.94; 0.86; 27.10; 0.00; 0.00; 0.00; 0.00; 0.00; 0.00; 0
321; 1.0000; 0.0000; 0.0000; 0.0000; 0.5063;      0;      0;      0; 102.52; 1.00; 31.63; 102.52; 1.00; 31.63; 0.9824; 0.0001; 0.0030; 0.0032; 0.0002; 0.0063; 84.52; 0.30; 9.34; 0.00; 0.00; 0.00; 0.00; 0.00; 0.00; 0
322; 1.0000; 0.0000; 0.0000; 0.0000; 0.5063; 0.4627; 0.0115; 0.3629; 172.52; 1.00; 31.63; 172.52; 1.00; 31.63; 0.9926; 0.0000; 0.0015; 0.0019; 0.0001; 0.0038; 224.52; 0.30; 9.34; 0.00; 0.00; 0.00; 0.00; 0.00; 0.00; 0
323; 1.0000; 0.0000; 0.0000; 0.0000; 0.5063;      0;      0;      0; 118.52; 1.00; 31.63; 118.52; 1.00; 31.63; 0.9909; 0.0000; 0.0013; 0.0019; 0.0001; 0.0044; 161.56; 0.69; 21.86; 0.00; 0.00; 0.00; 0.00; 0.00; 0.00; 0
324; 1.0000; 0.0000; 0.0000; 0.0000; 0.5063;      0;      0;      0; 112.81; 1.10; 34.73; 112.81; 1.10; 34.73; 0.9905; 0.0000; 0.0014; 0.0019; 0.0001; 0.0046; 154.53; 0.84; 26.70; 0.00; 0.00; 0.00; 0.00; 0.00; 0.00; 0
325; 1.0000; 0.0000; 0.0000; 0.0000; 0.5063;      0;      0;      0; 101.44; 1.01; 31.79; 101.44; 1.01; 31.79; 0.9823; 0.0001; 0.0032; 0.0031; 0.0002; 0.0066; 84.07; 0.30; 9.58; 0.00; 0.00; 0.00; 0.00; 0.00; 0.00; 0
326; 1.0000; 0.0000; 0.0000; 0.0000; 0.5063; 0.4523; 0.0119; 0.3753; 171.44; 1.01; 31.79; 171.44; 1.01; 31.79; 0.9926; 0.0001; 0.0016; 0.0018; 0.0001; 0.0039; 224.07; 0.30; 9.58; 0.00; 0.00; 0.00; 0.00; 0.00; 0.00; 0
327; 1.0000; 0.0000; 0.0000; 0.0000; 0.5063;      0;      0;      0; 117.44; 1.01; 31.79; 117.44; 1.01; 31.79; 0.9908; 0.0000; 0.0014; 0.0018; 0.0001; 0.0043; 160.46; 0.69; 21.97; 0.00; 0.00; 0.00; 0.00; 0.00; 0.00; 0
328; 1.0000; 0.0000; 0.0000; 0.0000; 0.5063;      0;      0;      0; 111.59; 1.11; 34.96; 111.59; 1.11; 34.96; 0.9904; 0.0001; 0.0016; 0.0019; 0.0001; 0.0045; 153.31; 0.84; 26.68; 0.00; 0.00; 0.00; 0.00; 0.00; 0.00; 0
329; 1.0000; 0.0000; 0.0000; 0.0000; 0.5063;      0;      0;      0; 100.69; 1.01; 31.91; 100.69; 1.01; 31.91; 0.9824; 0.0001; 0.0029; 0.0028; 0.0002; 0.0061; 84.38; 0.28; 8.93; 0.00; 0.00; 0.00; 0.00; 0.00; 0.00; 0
330; 1.0000; 0.0000; 0.0000; 0.0000; 0.5063; 0.4596; 0.0120; 0.3792; 170.69; 1.01; 31.91; 170.69; 1.01; 31.91; 0.9927; 0.0000; 0.0016; 0.0016; 0.0001; 0.0035; 224.38; 0.28; 8.93; 0.00; 0.00; 0.00; 0.00; 0.00; 0.00; 0
331; 1.0000; 0.0000; 0.0000; 0.0000; 0.5063;      0;      0;      0; 116.69; 1.01; 31.91; 116.69; 1.01; 31.91; 0.9909; 0.0000; 0.0013; 0.0017; 0.0001; 0.0041; 160.39; 0.70; 22.10; 0.00; 0.00; 0.00; 0.00; 0.00; 0.00; 0
332; 1.0000; 0.0000; 0.0000; 0.0000; 0.5063;      0;      0;      0; 110.79; 1.11; 35.06; 110.79; 1.11; 35.06; 0.9905; 0.0000; 0.0015; 0.0017; 0.0001; 0.0042; 153.06; 0.85; 26.82; 0.00; 0.00; 0.00; 0.00; 0.00; 0.00; 0
333; 1.0000; 0.0000; 0.0000; 0.0000; 0.5063;      0;      0;      0; 99.26; 0.96; 30.35; 99.26; 0.96; 30.35; 0.9826; 0.0001; 0.0029; 0.0032; 0.0002; 0.0068; 84.70; 0.28; 8.98; 0.00; 0.00; 0.00; 0.00; 0.00; 0.00; 0
334; 1.0000; 0.0000; 0.0000; 0.0000; 0.5063; 0.4601; 0.0116; 0.3654; 169.26; 0.96; 30.35; 169.26; 0.96; 30.35; 0.9928; 0.0000; 0.0015; 0.0019; 0.0001; 0.0041; 224.70; 0.28; 8.98; 0.00; 0.00; 0.00; 0.00; 0.00; 0.00; 0
335; 1.0000; 0.0000; 0.0000; 0.0000; 0.5063;      0;      0;      0; 115.26; 0.96; 30.35; 115.26; 0.96; 30.35; 0.9910; 0.0000; 0.0013; 0.0018; 0.0001; 0.0044; 160.24; 0.67; 21.33; 0.00; 0.00; 0.00; 0.00; 0.00; 0.00; 0
336; 1.0000; 0.0000; 0.0000; 0.0000; 0.5063;      0;      0;      0; 109.32; 1.05; 33.31; 109.32; 1.05; 33.31; 0.9906; 0.0000; 0.0014; 0.0017; 0.0001; 0.0044; 152.98; 0.82; 25.91; 0.00; 0.00; 0.00; 0.00; 0.00; 0.00; 0
337; 1.0000; 0.0000; 0.0000; 0.0000; 0.5063;      0;      0;      0; 100.90; 1.01; 32.00; 100.90; 1.01; 32.00; 0.9827; 0.0001; 0.0030; 0.0027; 0.0002; 0.0062; 85.27; 0.30; 9.36; 0.00; 0.00; 0.00; 0.00; 0.00; 0.00; 0
338; 1.0000; 0.0000; 0.0000; 0.0000; 0.5063; 0.4775; 0.0114; 0.3614; 170.90; 1.01; 32.00; 170.90; 1.01; 32.00; 0.9928; 0.0000; 0.0015; 0.0016; 0.0001; 0.0036; 225.27; 0.30; 9.36; 0.00; 0.00; 0.00; 0.00; 0.00; 0.00; 0
339; 1.0000; 0.0000; 0.0000; 0.0000; 0.5063;      0;      0;      0; 116.90; 1.01; 32.00; 116.90; 1.01; 32.00; 0.9910; 0.0000; 0.0013; 0.0016; 0.0001; 0.0041; 161.33; 0.70; 22.00; 0.00; 0.00; 0.00; 0.00; 0.00; 0.00; 0
340; 1.0000; 0.0000; 0.0000; 0.0000; 0.5063;      0;      0;      0; 110.91; 1.11; 35.13; 110.91; 1.11; 35.13; 0.9906; 0.0000; 0.0014; 0.0016; 0.0001; 0.0042; 153.77; 0.85; 26.98; 0.00; 0.00; 0.00; 0.00; 0.00; 0.00; 0
341; 1.0000; 0.0000; 0.0000; 0.0000; 0.5063;      0;      0;      0; 102.01; 0.98; 31.13; 102.01; 0.98; 31.13; 0.9826; 0.0001; 0.0029; 0.0025; 0.0002; 0.0059; 84.86; 0.29; 9.25; 0.00; 0.00; 0.00; 0.00; 0.00; 0.00; 0
342; 1.0000; 0.0000; 0.0000; 0.0000; 0.5063; 0.4750; 0.0120; 0.3790; 172.01; 0.98; 31.13; 172.01; 0.98; 31.13; 0.9927; 0.0000; 0.0015; 0.0015; 0.0001; 0.0035; 224.86; 0.29; 9.25; 0.00; 0.00; 0.00; 0.00; 0.00; 0.00; 0
343; 1.0000; 0.0000; 0.0000; 0.0000; 0.5063;      0;      0;      0; 118.01; 0.98; 31.13; 118.01; 0.98; 31.13; 0.9910; 0.0000; 0.0013; 0.0016; 0.0001; 0.0043; 161.80; 0.70; 22.11; 0.00; 0.00; 0.00; 0.00; 0.00; 0.00; 0
344; 1.0000; 0.0000; 0.0000; 0.0000; 0.5063;      0;      0;      0; 112.26; 1.08; 34.19; 112.26; 1.08; 34.19; 0.9906; 0.0000; 0.0015; 0.0015; 0.0001; 0.0043; 154.72; 0.85; 26.95; 0.00; 0.00; 0.00; 0.00; 0.00; 0.00; 0
345; 1.0000; 0.0000; 0.0000; 0.0000; 0.5063;      0;      0;      0; 103.23; 0.96; 30.44; 103.23; 0.96; 30.44; 0.9824; 0.0001; 0.0030; 0.0029; 0.0002; 0.0060; 84.72; 0.29; 9.24; 0.00; 0.00; 0.00; 0.00; 0.00; 0.00; 0
346; 1.0000; 0.0000; 0.0000; 0.0000; 0.5063; 0.4686; 0.0113; 0.3566; 173.23; 0.96; 30.44; 173.23; 0.96; 30.44; 0.9926; 0.0001; 0.0016; 0.0017; 0.0001; 0.0035; 224.72; 0.29; 9.24; 0.00; 0.00; 0.00; 0.00; 0.00; 0.00; 0
347; 1.0000; 0.0000; 0.0000; 0.0000; 0.5063;      0;      0;      0; 119.23; 0.96; 30.44; 119.23; 0.96; 30.44; 0.9909; 0.0000; 0.0013; 0.0016; 0.0001; 0.0038; 162.58; 0.66; 20.77; 0.00; 0.00; 0.00; 0.00; 0.00; 0.00; 0
348; 1.0000; 0.0000; 0.0000; 0.0000; 0.5063;      0;      0;      0; 113.60; 1.06; 33.41; 113.60; 1.06; 33.41; 0.9906; 0.0000; 0.0014; 0.0015; 0.0001; 0.0039; 155.81; 0.80; 25.17; 0.00; 0.00; 0.00; 0.00; 0.00; 0.00; 0
349; 1.0000; 0.0000; 0.0000; 0.0000; 0.5063;      0;      0;      0; 102.69; 1.05; 33.20; 102.69; 1.05; 33.20; 0.9825; 0.0001; 0.0030; 0.0030; 0.0002; 0.0064; 84.51; 0.31; 9.65; 0.00; 0.00; 0.00; 0.00; 0.00; 0.00; 0
350; 1.0000; 0.0000; 0.0000; 0.0000; 0.5063; 0.4472; 0.0116; 0.3670; 172.69; 1.05; 33.20; 172.69; 1.05; 33.20; 0.9927; 0.0000; 0.0015; 0.0017; 0.0001; 0.0037; 224.51; 0.31; 9.65; 0.00; 0.00; 0.00; 0.00; 0.00; 0.00; 0
351; 1.0000; 0.0000; 0.0000; 0.0000; 0.5063;      0;      0;      0; 118.69; 1.05; 33.20; 118.69; 1.05; 33.20; 0.9909; 0.0000; 0.0014; 0.0017; 0.0001; 0.0042; 161.35; 0.69; 21.90; 0.00; 0.00; 0.00; 0.00; 0.00; 0.00; 0
352; 1.0000; 0.0000; 0.0000; 0.0000; 0.5063;      0;      0;      0; 112.89; 1.15; 36.32; 112.89; 1.15; 36.32; 0.9905; 0.0000; 0.0015; 0.0017; 0.0001; 0.0044; 154.12; 0.84; 26.67; 0.00; 0.00; 0.00; 0.00; 0.00; 0.00; 0
353; 1.0000; 0.0000; 0.0000; 0.0000; 0.5063;      0;      0;      0; 100.47; 0.99; 31.43; 100.47; 0.99; 31.43; 0.9824; 0.0001; 0.0031; 0.0026; 0.0002; 0.0059; 83.98; 0.30; 9.40; 0.00; 0.00; 0.00; 0.00; 0.00; 0.00; 0
354; 1.0000; 0.0000; 0.0000; 0.0000; 0.5063; 0.4479; 0.0119; 0.3748; 170.47; 0.99; 31.43; 170.47; 0.99; 31.43; 0.9927; 0.0000; 0.0015; 0.0015; 0.0001; 0.0034; 223.98; 0.30; 9.40; 0.00; 0.00; 0.00; 0.00; 0.00; 0.00; 0
355; 1.0000; 0.0000; 0.0000; 0.0000; 0.5063;      0;      0;      0; 116.47; 0.99; 31.43; 116.47; 0.99; 31.43; 0.9909; 0.0000; 0.0013; 0.0015; 0.0001; 0.0040; 160.32; 0.70; 22.01; 0.00; 0.00; 0.00; 0.00; 0.00; 0.00; 0
356; 1.0000; 0.0000; 0.0000; 0.0000; 0.5063;      0;      0;      0; 110.47; 1.09; 34.47; 110.47; 1.09; 34.47; 0.9905; 0.0000; 0.0015; 0.0015; 0.0001; 0.0041; 152.99; 0.84; 26.59; 0.00; 0.00; 0.00; 0.00; 0.00; 0.00; 0
357; 1.0000; 0.0000; 0.0000; 0.0000; 0.5063;      0;      0;      0; 102.39; 1.01; 32.03; 102.39; 1.01; 32.03; 0.9826; 0.0001; 0.0030; 0.0026; 0.0002; 0.0057; 85.10; 0.31; 9.66; 0.00; 0.00; 0.00; 0.00; 0.00; 0.00; 0
358; 1.0000; 0.0000; 0.0000; 0.0000; 0.5063; 0.4788; 0.0120; 0.3782; 172.39; 1.01; 32.03; 172.39; 1.01; 32.03; 0.9927; 0.0000; 0.0015; 0.0016; 0.0001; 0.0034; 225.10; 0.31; 9.66; 0.00; 0.00; 0.00; 0.00; 0.00; 0.00; 0
359; 1.0000; 0.0000; 0.0000; 0.0000; 0.5063;      0;      0;      0; 118.39; 1.01; 32.03; 118.39; 1.01; 32.03; 0.9909; 0.0000; 0.0014; 0.0015; 0.0001; 0.0038; 162.01; 0.72; 22.78; 0.00; 0.00; 0.00; 0.00; 0.00; 0.00; 0
360; 1.0000; 0.0000; 0.0000; 0.0000; 0.5063;      0;      0;      0; 112.52; 1.11; 35.21; 112.52; 1.11; 35.21; 0.9906; 0.0000; 0.0015; 0.0015; 0.0001; 0.0039; 154.86; 0.87; 27.40; 0.00; 0.00; 0.00; 0.00; 0.00; 0.00; 0
361; 1.0000; 0.0000; 0.0000; 0.0000; 0.5063;      0;      0;      0; 102.31; 0.98; 31.00; 102.31; 0.98; 31.00; 0.9823; 0.0001; 0.0031; 0.0030; 0.0002; 0.0064; 84.35; 0.30; 9.52; 0.00; 0.00; 0.00; 0.00; 0.00; 0.00; 0
362; 1.0000; 0.0000; 0.0000; 0.0000; 0.5063; 0.4618; 0.0118; 0.3729; 172.31; 0.98; 31.00; 172.31; 0.98; 31.00; 0.9926; 0.0000; 0.0015; 0.0018; 0.0001; 0.0038; 224.35; 0.30; 9.52; 0.00; 0.00; 0.00; 0.00; 0.00; 0.00; 0
363; 1.0000; 0.0000; 0.0000; 0.0000; 0.5063;      0;      0;      0; 118.31; 0.98; 31.00; 118.31; 0.98; 31.00; 0.9909; 0.0000; 0.0014; 0.0017; 0.0001; 0.0042; 161.71; 0.69; 21.87; 0.00; 0.00; 0.00; 0.00; 0.00; 0.00; 0
364; 1.0000; 0.0000; 0.0000; 0.0000; 0.5063;      0;      0;      0; 112.60; 1.08; 34.01; 112.60; 1.08; 34.01; 0.9905; 0.0000; 0.0016; 0.0017; 0.0001; 0.0044; 154.72; 0.84; 26.52; 0.00; 0.00; 0.00; 0.00; 0.00; 0.00; 0
365; 1.0000; 0.0000; 0.0000; 0.0000; 0.5063;      0;      0;      0; 101.56; 1.01; 31.81; 101.56; 1.01; 31.81; 0.9825; 0.0001; 0.0030; 0.0030; 0.0002; 0.0067; 84.53; 0.29; 9.26; 0.00; 0.00; 0.00; 0.00; 0.00; 0.00; 0
366; 1.0000; 0.0000; 0.0000; 0.0000; 0.5063; 0.4530; 0.0117; 0.3700; 171.56; 1.01; 31.81; 171.56; 1.01; 31.81; 0.9927; 0.0000; 0.0015; 0.0018; 0.0001; 0.0039; 224.53; 0.29; 9.26; 0.00; 0.00; 0.00; 0.00; 0.00; 0.00; 0
367; 1.0000; 0.0000; 0.0000; 0.0000; 0.5063;      0;      0;      0; 117.56; 1.01; 31.81; 117.56; 1.01; 31.81; 0.9909; 0.0000; 0.0013; 0.0017; 0.0001; 0.0043; 161.08; 0.70; 22.14; 0.00; 0.00; 0.00; 0.00; 0.00; 0.00; 0
368; 1.0000; 0.0000; 0.0000; 0.0000; 0.5063;      0;      0;      0; 111.85; 1.10; 34.70; 111.85; 1.10; 34.70; 0.9906; 0.0000; 0.0015; 0.0018; 0.0001; 0.0045; 154.10; 0.84; 26.59; 0.00; 0.00; 0.00; 0.00; 0.00; 0.00; 0
369; 1.0000; 0.0000; 0.0000; 0.0000; 0.5063;      0;      0;      0; 101.15; 1.02; 32.39; 101.15; 1.02; 32.39; 0.9826; 0.0001; 0.0029; 0.0032; 0.0002; 0.0069; 84.81; 0.29; 9.32; 0.00; 0.00; 0.00; 0.00; 0.00; 0.00; 0
370; 1.0000; 0.0000; 0.0000; 0.0000; 0.5063; 0.4583; 0.0118; 0.3728; 171.15; 1.02; 32.39; 171.15; 1.02; 32.39; 0.9927; 0.0000; 0.0016; 0.0019; 0.0001; 0.0041; 224.81; 0.29; 9.32; 0.00; 0.00; 0.00; 0.00; 0.00; 0.00; 0
371; 1.0000; 0.0000; 0.0000; 0.0000; 0.5063;      0;      0;      0; 117.15; 1.02; 32.39; 117.15; 1.02; 32.39; 0.9910; 0.0000; 0.0013; 0.0019; 0.0001; 0.0047; 161.03; 0.72; 22.76; 0.00; 0.00; 0.00; 0.00; 0.00; 0.00; 0
372; 1.0000; 0.0000; 0.0000; 0.0000; 0.5063;      0;      0;      0; 111.35; 1.12; 35.52; 111.35; 1.12; 35.52; 0.9906; 0.0000; 0.0015; 0.0019; 0.0001; 0.0047; 153.86; 0.87; 27.63; 0.00; 0.00; 0.00; 0.00; 0.00; 0.00; 0
373; 1.0000; 0.0000; 0.0000; 0.0000; 0.5063;      0;      0;      0; 102.04; 1.00; 31.59; 102.04; 1.00; 31.59; 0.9824; 0.0001; 0.0031; 0.0032; 0.0002; 0.0068; 84.47; 0.29; 9.22; 0.00; 0.00; 0.00; 0.00; 0.00; 0.00; 0
374; 1.0000; 0.0000; 0.0000; 0.0000; 0.5063; 0.4725; 0.0119; 0.3757; 172.04; 1.00; 31.59; 172.04; 1.00; 31.59; 0.9926; 0.0001; 0.0016; 0.0019; 0.0001; 0.0040; 224.47; 0.29; 9.22; 0.00; 0.00; 0.00; 0.00; 0.00; 0.00; 0
375; 1.0000; 0.0000; 0.0000; 0.0000; 0.5063;      0;      0;      0; 118.04; 1.00; 31.59; 118.04; 1.00; 31.59; 0.9909; 0.0000; 0.0014; 0.0019; 0.0001; 0.0047; 161.52; 0.68; 21.66; 0.00; 0.00; 0.00; 0.00; 0.00; 0.00; 0
376; 1.0000; 0.0000; 0.0000; 0.0000; 0.5063;      0;      0;      0; 112.32; 1.10; 34.76; 112.32; 1.10; 34.76; 0.9905; 0.0000; 0.0015; 0.0020; 0.0002; 0.0049; 154.44; 0.84; 26.53; 0.00; 0.00; 0.00; 0.00; 0.00; 0.00; 0
377; 1.0000; 0.0000; 0.0000; 0.0000; 0.5063;      0;      0;      0; 100.53; 0.99; 31.41; 100.53; 0.99; 31.41; 0.9825; 0.0001; 0.0030; 0.0031; 0.0002; 0.0070; 84.61; 0.29; 9.20; 0.00; 0.00; 0.00; 0.00; 0.00; 0.00; 0
378; 1.0000; 0.0000; 0.0000; 0.0000; 0.5063; 0.4518; 0.0120; 0.3794; 170.53; 0.99; 31.41; 170.53; 0.99; 31.41; 0.9927; 0.0000; 0.0015; 0.0018; 0.0001; 0.0041; 224.61; 0.29; 9.20; 0.00; 0.00; 0.00; 0.00; 0.00; 0.00; 0
379; 1.0000; 0.0000; 0.0000; 0.0000; 0.5063;      0;      0;      0; 116.53; 0.99; 31.41; 116.53; 0.99; 31.41; 0.9910; 0.0000; 0.0013; 0.0018; 0.0001; 0.0047; 160.64; 0.69; 21.92; 0.00; 0.00; 0.00; 0.00; 0.00; 0.00; 0
380; 1.0000; 0.0000; 0.0000; 0.0000; 0.5063;      0;      0;      0; 110.69; 1.09; 34.56; 110.69; 1.09; 34.56; 0.9906; 0.0000; 0.0015; 0.0018; 0.0002; 0.0048; 153.51; 0.84; 26.70; 0.00; 0.00; 0.00; 0.00; 0.00; 0.00; 0
381; 1.0000; 0.0000; 0.0000; 0.0000; 0.5063;      0;      0;      0; 102.32; 1.05; 33.35; 102.32; 1.05; 33.35; 0.9825; 0.0001; 0.0030; 0.0030; 0.0002; 0.0064; 84.78; 0.30; 9.37; 0.00; 0.00; 0.00; 0.00; 0.00; 0.00; 0
382; 1.0000; 0.0000; 0.0000; 0.0000; 0.5063; 0.4751; 0.0118; 0.3723; 172.32; 1.05; 33.35; 172.32; 1.05; 33.35; 0.9927; 0.0001; 0.0016; 0.0018; 0.0001; 0.0037; 224.78; 0.30; 9.37; 0.00; 0.00; 0.00; 0.00; 0.00; 0.00; 0
383; 1.0000; 0.0000; 0.0000; 0.0000; 0.5063;      0;      0;      0; 118.32; 1.05; 33.35; 118.32; 1.05; 33.35; 0.9910; 0.0000; 0.0014; 0.0019; 0.0001; 0.0045; 161.82; 0.72; 22.62; 0.00; 0.00; 0.00; 0.00; 0.00; 0.00; 0
384; 1.0000; 0.0000; 0.0000; 0.0000; 0.5063;      0;      0;      0; 112.49; 1.16; 36.57; 112.49; 1.16; 36.57; 0.9906; 0.0000; 0.0015; 0.0019; 0.0001; 0.0046; 154.53; 0.87; 27.53; 0.00; 0.00; 0.00; 0.00; 0.00; 0.00; 0
385; 1.0000; 0.0000; 0.0000; 0.0000; 0.5063;      0;      0;      0; 102.97; 1.03; 32.50; 102.97; 1.03; 32.50; 0.9825; 0.0001; 0.0030; 0.0034; 0.0002; 0.0067; 85.00; 0.30; 9.53; 0.00; 0.00; 0.00; 0.00; 0.00; 0.00; 0
386; 1.0000; 0.0000; 0.0000; 0.0000; 0.5063; 0.4687; 0.0122; 0.3845; 172.97; 1.03; 32.50; 172.97; 1.03; 32.50; 0.9927; 0.0000; 0.0016; 0.0020; 0.0001; 0.0038; 225.00; 0.30; 9.53; 0.00; 0.00; 0.00; 0.00; 0.00; 0.00; 0
387; 1.0000; 0.0000; 0.0000; 0.0000; 0.5063;      0;      0;      0; 118.97; 1.03; 32.50; 118.97; 1.03; 32.50; 0.9910; 0.0000; 0.0014; 0.0019; 0.0001; 0.0043; 162.22; 0.69; 21.84; 0.00; 0.00; 0.00; 0.00; 0.00; 0.00; 0
388; 1.0000; 0.0000; 0.0000; 0.0000; 0.5063;      0;      0;      0; 113.11; 1.13; 35.60; 113.11; 1.13; 35.60; 0.9906; 0.0000; 0.0015; 0.0019; 0.0001; 0.0045; 155.03; 0.84; 26.47; 0.00; 0.00; 0.00; 0.00; 0.00; 0.00; 0
389; 1.0000; 0.0000; 0.0000; 0.0000; 0.5063;      0;      0;      0; 100.72; 0.97; 30.65; 100.72; 0.97; 30.65; 0.9825; 0.0001; 0.0030; 0.0027; 0.0002; 0.0065; 84.95; 0.28; 8.93; 0.00; 0.00; 0.00; 0.00; 0.00; 0.00; 0
390; 1.0000; 0.0000; 0.0000; 0.0000; 0.5063; 0.4468; 0.0116; 0.3655; 170.72; 0.97; 30.65; 170.72; 0.97; 30.65; 0.9927; 0.0000; 0.0015; 0.0016; 0.0001; 0.0038; 224.95; 0.28; 8.93; 0.00; 0.00; 0.00; 0.00; 0.00; 0.00; 0
391; 1.0000; 0.0000; 0.0000; 0.0000; 0.5063;      0;      0;      0; 116.72; 0.97; 30.65; 116.72; 0.97; 30.65; 0.9910; 0.0000; 0.0014; 0.0017; 0.0001; 0.0043; 161.28; 0.70; 21.99; 0.00; 0.00; 0.00; 0.00; 0.00; 0.00; 0
392; 1.0000; 0.0000; 0.0000; 0.0000; 0.5063;      0;      0;      0; 110.66; 1.07; 33.72; 110.66; 1.07; 33.72; 0.9906; 0.0001; 0.0016; 0.0017; 0.0001; 0.0044; 153.82; 0.85; 26.84; 0.00; 0.00; 0.00; 0.00; 0.00; 0.00; 0
393; 1.0000; 0.0000; 0.0000; 0.0000; 0.5063;      0;      0;      0; 102.66; 1.00; 31.66; 102.66; 1.00; 31.66; 0.9825; 0.0001; 0.0030; 0.0031; 0.0002; 0.0069; 85.02; 0.29; 9.02; 0.00; 0.00; 0.00; 0.00; 0.00; 0.00; 0
394; 1.0000; 0.0000; 0.0000; 0.0000; 0.5063; 0.4774; 0.0116; 0.3680; 172.66; 1.00; 31.66; 172.66; 1.00; 31.66; 0.9927; 0.0000; 0.0015; 0.0018; 0.0001; 0.0040; 225.02; 0.29; 9.02; 0.00; 0.00; 0.00; 0.00; 0.00; 0.00; 0
395; 1.0000; 0.0000; 0.0000; 0.0000; 0.5063;      0;      0;      0; 118.66; 1.00; 31.66; 118.66; 1.00; 31.66; 0.9909; 0.0000; 0.0013; 0.0019; 0.0001; 0.0046; 162.02; 0.70; 21.98; 0.00; 0.00; 0.00; 0.00; 0.00; 0.00; 0
396; 1.0000; 0.0000; 0.0000; 0.0000; 0.5063;      0;      0;      0; 112.87; 1.10; 34.66; 112.87; 1.10; 34.66; 0.9906; 0.0000; 0.0015; 0.0019; 0.0002; 0.0048; 154.91; 0.84; 26.68; 0.00; 0.00; 0.00; 0.00; 0.00; 0.00; 0
397; 1.0000; 0.0000; 0.0000; 0.0000; 0.5063;      0;      0;      0; 101.60; 0.99; 31.16; 101.60; 0.99; 31.16; 0.9825; 0.0001; 0.0029; 0.0028; 0.0002; 0.0063; 84.38; 0.29; 9.04; 0.00; 0.00; 0.00; 0.00; 0.00; 0.00; 0
398; 1.0000; 0.0000; 0.0000; 0.0000; 0.5063; 0.4524; 0.0115; 0.3641; 171.60; 0.99; 31.16; 171.60; 0.99; 31.16; 0.9927; 0.0000; 0.0015; 0.0017; 0.0001; 0.0037; 224.38; 0.29; 9.04; 0.00; 0.00; 0.00; 0.00; 0.00; 0.00; 0
399; 1.0000; 0.0000; 0.0000; 0.0000; 0.5063;      0;      0;      0; 117.60; 0.99; 31.16; 117.60; 0.99; 31.16; 0.9909; 0.0000; 0.0013; 0.0017; 0.0001; 0.0041; 161.18; 0.68; 21.64; 0.00; 0.00; 0.00; 0.00; 0.00; 0.00; 0
400; 1.0000; 0.0000; 0.0000; 0.0000; 0.5063;      0;      0;      0; 111.88; 1.08; 34.07; 111.88; 1.08; 34.07; 0.9906; 0.0000; 0.0014; 0.0016; 0.0001; 0.0042; 154.14; 0.83; 26.17; 0.00; 0.00; 0.00; 0.00; 0.00; 0.00; 0
