    Year (Census)
    Proportion of populations extant, SE
    Proportion of populations going extinct for the first time in year, SE
    Deterministic growth, Stochastic growth, SE, SD
    Mean population size (across extant populations), SE, SD
    Mean population size (across all populations), SE, SD
    Mean gene diversity (expected heterozygosity), SE, SD
    Mean inbreeding coefficient, SE, SD
    Mean number of alleles, SE, SD
    Mean number of lethal alleles, SE, SD
    Mean time to extinction, SE, SD
    Median time to extinction
Year;PExtant;SE(PExtant);PExtinct;SE(PExtinct);det-r;stoch-r;SE(r);SD(r);N-extant;SE(N-extant);SD(N-extant);N-all;SE(N-all);SD(N-all);GeneDiv;SE(GD);SD(GD);Inbreed;SE(Inbr);SD(Inbr);nAlleles;SE(nAlleles);SD(nAlleles);nLethals;SE(nLethals);SD(nLethals);TE;SE(TE);SD(TE);medianTE
Supplement (1F with 3JF, 3JM)
Population 1: MFWS
0; 1.0000; 0.0000; 0.0000; 0.0000; 0.5063;      0;      0;      0; 47.00; 0.00; 0.00; 47.00; 0.00; 0.00; 0.9894; 0.0000; 0.0000; 0.0000; 0.0000; 0.0000; 94.00; 0.00; 0.00; 3.14; 0.01; 0.22; 0.00; 0.00; 0.00; 0
1; 1.0000; 0.0000; 0.0000; 0.0000; 0.5063;      0;      0;      0; 86.84; 0.74; 23.56; 86.84; 0.74; 23.56; 0.9856; 0.0000; 0.0013; 0.0000; 0.0000; 0.0000; 90.00; 0.00; 0.00; 3.13; 0.01; 0.26; 0.00; 0.00; 0.00; 0
2; 1.0000; 0.0000; 0.0000; 0.0000; 0.5063; 0.6585; 0.0082; 0.2609; 93.84; 0.74; 23.56; 93.84; 0.74; 23.56; 0.9873; 0.0000; 0.0013; 0.0000; 0.0000; 0.0000; 104.00; 0.00; 0.00; 3.14; 0.01; 0.24; 0.00; 0.00; 0.00; 0
3; 1.0000; 0.0000; 0.0000; 0.0000; 0.5063;      0;      0;      0; 93.84; 0.74; 23.56; 93.84; 0.74; 23.56; 0.9873; 0.0000; 0.0013; 0.0000; 0.0000; 0.0000; 104.00; 0.00; 0.00; 3.14; 0.01; 0.24; 0.00; 0.00; 0.00; 0
4; 1.0000; 0.0000; 0.0000; 0.0000; 0.5063;      0;      0;      0; 89.57; 0.83; 26.09; 89.57; 0.83; 26.09; 0.9866; 0.0000; 0.0009; 0.0000; 0.0000; 0.0000; 98.65; 0.18; 5.71; 3.14; 0.01; 0.25; 0.00; 0.00; 0.00; 0
5; 1.0000; 0.0000; 0.0000; 0.0000; 0.5063;      0;      0;      0; 95.38; 0.88; 27.70; 95.38; 0.88; 27.70; 0.9793; 0.0001; 0.0032; 0.0017; 0.0002; 0.0048; 71.11; 0.23; 7.40; 3.14; 0.01; 0.31; 0.00; 0.00; 0.00; 0
6; 1.0000; 0.0000; 0.0000; 0.0000; 0.5063; 0.1423; 0.0124; 0.3909; 102.38; 0.88; 27.70; 102.38; 0.88; 27.70; 0.9818; 0.0001; 0.0029; 0.0016; 0.0001; 0.0045; 85.11; 0.23; 7.40; 3.13; 0.01; 0.29; 0.00; 0.00; 0.00; 0
7; 1.0000; 0.0000; 0.0000; 0.0000; 0.5063;      0;      0;      0; 102.38; 0.88; 27.70; 102.38; 0.88; 27.70; 0.9818; 0.0001; 0.0029; 0.0016; 0.0001; 0.0045; 85.11; 0.23; 7.40; 3.13; 0.01; 0.29; 0.00; 0.00; 0.00; 0
8; 1.0000; 0.0000; 0.0000; 0.0000; 0.5063;      0;      0;      0; 97.47; 0.96; 30.31; 97.47; 0.96; 30.31; 0.9812; 0.0001; 0.0027; 0.0017; 0.0001; 0.0047; 81.77; 0.25; 7.81; 3.13; 0.01; 0.29; 0.00; 0.00; 0.00; 0
9; 1.0000; 0.0000; 0.0000; 0.0000; 0.5063;      0;      0;      0; 94.32; 0.86; 27.34; 94.32; 0.86; 27.34; 0.9733; 0.0001; 0.0045; 0.0045; 0.0003; 0.0079; 59.81; 0.24; 7.45; 3.13; 0.01; 0.36; 0.00; 0.00; 0.00; 0
10; 1.0000; 0.0000; 0.0000; 0.0000; 0.5063; 0.0539; 0.0129; 0.4068; 101.32; 0.86; 27.34; 101.32; 0.86; 27.34; 0.9766; 0.0001; 0.0040; 0.0042; 0.0002; 0.0074; 73.81; 0.24; 7.45; 3.13; 0.01; 0.33; 0.00; 0.00; 0.00; 0
11; 1.0000; 0.0000; 0.0000; 0.0000; 0.5063;      0;      0;      0; 101.32; 0.86; 27.34; 101.32; 0.86; 27.34; 0.9766; 0.0001; 0.0040; 0.0042; 0.0002; 0.0074; 73.81; 0.24; 7.45; 3.13; 0.01; 0.33; 0.00; 0.00; 0.00; 0
12; 1.0000; 0.0000; 0.0000; 0.0000; 0.5063;      0;      0;      0; 96.29; 0.94; 29.87; 96.29; 0.94; 29.87; 0.9761; 0.0001; 0.0039; 0.0042; 0.0002; 0.0076; 71.21; 0.24; 7.60; 3.13; 0.01; 0.34; 0.00; 0.00; 0.00; 0
13; 1.0000; 0.0000; 0.0000; 0.0000; 0.5063;      0;      0;      0; 93.90; 0.88; 27.98; 93.90; 0.88; 27.98; 0.9677; 0.0002; 0.0057; 0.0086; 0.0004; 0.0113; 51.95; 0.20; 6.19; 3.11; 0.01; 0.38; 0.00; 0.00; 0.00; 0
14; 1.0000; 0.0000; 0.0000; 0.0000; 0.5063; 0.0585; 0.0126; 0.3971; 100.90; 0.88; 27.98; 100.90; 0.88; 27.98; 0.9719; 0.0002; 0.0051; 0.0080; 0.0003; 0.0104; 65.95; 0.20; 6.19; 3.11; 0.01; 0.36; 0.00; 0.00; 0.00; 0
15; 1.0000; 0.0000; 0.0000; 0.0000; 0.5063;      0;      0;      0; 100.90; 0.88; 27.98; 100.90; 0.88; 27.98; 0.9719; 0.0002; 0.0051; 0.0080; 0.0003; 0.0104; 65.95; 0.20; 6.19; 3.11; 0.01; 0.36; 0.00; 0.00; 0.00; 0
16; 1.0000; 0.0000; 0.0000; 0.0000; 0.5063;      0;      0;      0; 95.93; 0.96; 30.32; 95.93; 0.96; 30.32; 0.9714; 0.0002; 0.0051; 0.0080; 0.0003; 0.0107; 63.89; 0.20; 6.38; 3.11; 0.01; 0.36; 0.00; 0.00; 0.00; 0
17; 1.0000; 0.0000; 0.0000; 0.0000; 0.5063;      0;      0;      0; 93.94; 0.84; 26.69; 93.94; 0.84; 26.69; 0.9640; 0.0002; 0.0069; 0.0126; 0.0004; 0.0140; 48.35; 0.19; 6.12; 3.10; 0.01; 0.40; 0.00; 0.00; 0.00; 0
18; 1.0000; 0.0000; 0.0000; 0.0000; 0.5063; 0.0670; 0.0120; 0.3799; 100.94; 0.84; 26.69; 100.94; 0.84; 26.69; 0.9687; 0.0002; 0.0061; 0.0117; 0.0004; 0.0130; 62.35; 0.19; 6.12; 3.10; 0.01; 0.37; 0.00; 0.00; 0.00; 0
19; 1.0000; 0.0000; 0.0000; 0.0000; 0.5063;      0;      0;      0; 100.94; 0.84; 26.69; 100.94; 0.84; 26.69; 0.9687; 0.0002; 0.0061; 0.0117; 0.0004; 0.0130; 62.35; 0.19; 6.12; 3.10; 0.01; 0.37; 0.00; 0.00; 0.00; 0
20; 1.0000; 0.0000; 0.0000; 0.0000; 0.5063;      0;      0;      0; 96.04; 0.92; 29.01; 96.04; 0.92; 29.01; 0.9684; 0.0002; 0.0060; 0.0117; 0.0004; 0.0133; 60.61; 0.19; 6.04; 3.10; 0.01; 0.38; 0.00; 0.00; 0.00; 0
21; 1.0000; 0.0000; 0.0000; 0.0000; 0.5063;      0;      0;      0; 91.92; 0.82; 25.96; 91.92; 0.82; 25.96; 0.9610; 0.0002; 0.0079; 0.0150; 0.0005; 0.0152; 46.05; 0.19; 6.11; 3.08; 0.01; 0.41; 0.00; 0.00; 0.00; 0
22; 1.0000; 0.0000; 0.0000; 0.0000; 0.5063; 0.0431; 0.0122; 0.3866; 98.92; 0.82; 25.96; 98.92; 0.82; 25.96; 0.9662; 0.0002; 0.0070; 0.0139; 0.0004; 0.0140; 60.05; 0.19; 6.11; 3.08; 0.01; 0.38; 0.00; 0.00; 0.00; 0
23; 1.0000; 0.0000; 0.0000; 0.0000; 0.5063;      0;      0;      0; 98.92; 0.82; 25.96; 98.92; 0.82; 25.96; 0.9662; 0.0002; 0.0070; 0.0139; 0.0004; 0.0140; 60.05; 0.19; 6.11; 3.08; 0.01; 0.38; 0.00; 0.00; 0.00; 0
24; 1.0000; 0.0000; 0.0000; 0.0000; 0.5063;      0;      0;      0; 93.89; 0.90; 28.42; 93.89; 0.90; 28.42; 0.9659; 0.0002; 0.0070; 0.0140; 0.0005; 0.0145; 58.24; 0.19; 6.09; 3.09; 0.01; 0.38; 0.00; 0.00; 0.00; 0
25; 1.0000; 0.0000; 0.0000; 0.0000; 0.5063;      0;      0;      0; 92.06; 0.87; 27.54; 92.06; 0.87; 27.54; 0.9589; 0.0003; 0.0086; 0.0181; 0.0005; 0.0170; 44.73; 0.19; 6.08; 3.06; 0.01; 0.41; 0.00; 0.00; 0.00; 0
26; 1.0000; 0.0000; 0.0000; 0.0000; 0.5063; 0.0634; 0.0124; 0.3907; 99.06; 0.87; 27.54; 99.06; 0.87; 27.54; 0.9644; 0.0002; 0.0076; 0.0167; 0.0005; 0.0157; 58.73; 0.19; 6.08; 3.06; 0.01; 0.38; 0.00; 0.00; 0.00; 0
27; 1.0000; 0.0000; 0.0000; 0.0000; 0.5063;      0;      0;      0; 99.06; 0.87; 27.54; 99.06; 0.87; 27.54; 0.9644; 0.0002; 0.0076; 0.0167; 0.0005; 0.0157; 58.73; 0.19; 6.08; 3.06; 0.01; 0.38; 0.00; 0.00; 0.00; 0
28; 1.0000; 0.0000; 0.0000; 0.0000; 0.5063;      0;      0;      0; 94.03; 0.95; 30.03; 94.03; 0.95; 30.03; 0.9641; 0.0002; 0.0077; 0.0168; 0.0005; 0.0161; 57.05; 0.19; 6.12; 3.07; 0.01; 0.38; 0.00; 0.00; 0.00; 0
29; 1.0000; 0.0000; 0.0000; 0.0000; 0.5063;      0;      0;      0; 91.87; 0.86; 27.23; 91.87; 0.86; 27.23; 0.9574; 0.0003; 0.0097; 0.0205; 0.0006; 0.0193; 43.79; 0.20; 6.43; 3.04; 0.01; 0.42; 0.00; 0.00; 0.00; 0
30; 1.0000; 0.0000; 0.0000; 0.0000; 0.5063; 0.0647; 0.0126; 0.3976; 98.87; 0.86; 27.23; 98.87; 0.86; 27.23; 0.9632; 0.0003; 0.0085; 0.0190; 0.0006; 0.0179; 57.79; 0.20; 6.43; 3.05; 0.01; 0.39; 0.00; 0.00; 0.00; 0
31; 1.0000; 0.0000; 0.0000; 0.0000; 0.5063;      0;      0;      0; 98.87; 0.86; 27.23; 98.87; 0.86; 27.23; 0.9632; 0.0003; 0.0085; 0.0190; 0.0006; 0.0179; 57.79; 0.20; 6.43; 3.05; 0.01; 0.39; 0.00; 0.00; 0.00; 0
32; 1.0000; 0.0000; 0.0000; 0.0000; 0.5063;      0;      0;      0; 93.95; 0.94; 29.71; 93.95; 0.94; 29.71; 0.9628; 0.0003; 0.0085; 0.0190; 0.0006; 0.0183; 56.14; 0.21; 6.54; 3.05; 0.01; 0.39; 0.00; 0.00; 0.00; 0
33; 1.0000; 0.0000; 0.0000; 0.0000; 0.5063;      0;      0;      0; 92.18; 0.84; 26.47; 92.18; 0.84; 26.47; 0.9564; 0.0003; 0.0102; 0.0212; 0.0006; 0.0197; 43.31; 0.19; 6.14; 3.01; 0.01; 0.42; 0.00; 0.00; 0.00; 0
34; 1.0000; 0.0000; 0.0000; 0.0000; 0.5063; 0.0707; 0.0123; 0.3886; 99.18; 0.84; 26.47; 99.18; 0.84; 26.47; 0.9623; 0.0003; 0.0089; 0.0196; 0.0006; 0.0182; 57.31; 0.19; 6.14; 3.02; 0.01; 0.39; 0.00; 0.00; 0.00; 0
35; 1.0000; 0.0000; 0.0000; 0.0000; 0.5063;      0;      0;      0; 99.18; 0.84; 26.47; 99.18; 0.84; 26.47; 0.9623; 0.0003; 0.0089; 0.0196; 0.0006; 0.0182; 57.31; 0.19; 6.14; 3.02; 0.01; 0.39; 0.00; 0.00; 0.00; 0
36; 1.0000; 0.0000; 0.0000; 0.0000; 0.5063;      0;      0;      0; 94.35; 0.91; 28.78; 94.35; 0.91; 28.78; 0.9619; 0.0003; 0.0089; 0.0197; 0.0006; 0.0189; 55.77; 0.19; 6.14; 3.02; 0.01; 0.39; 0.00; 0.00; 0.00; 0
37; 1.0000; 0.0000; 0.0000; 0.0000; 0.5063;      0;      0;      0; 92.77; 0.87; 27.44; 92.77; 0.87; 27.44; 0.9557; 0.0003; 0.0103; 0.0218; 0.0006; 0.0198; 42.94; 0.20; 6.18; 3.00; 0.01; 0.42; 0.00; 0.00; 0.00; 0
38; 1.0000; 0.0000; 0.0000; 0.0000; 0.5063; 0.0662; 0.0124; 0.3934; 99.77; 0.87; 27.44; 99.77; 0.87; 27.44; 0.9617; 0.0003; 0.0090; 0.0202; 0.0006; 0.0183; 56.94; 0.20; 6.18; 3.01; 0.01; 0.39; 0.00; 0.00; 0.00; 0
39; 1.0000; 0.0000; 0.0000; 0.0000; 0.5063;      0;      0;      0; 99.77; 0.87; 27.44; 99.77; 0.87; 27.44; 0.9617; 0.0003; 0.0090; 0.0202; 0.0006; 0.0183; 56.94; 0.20; 6.18; 3.01; 0.01; 0.39; 0.00; 0.00; 0.00; 0
40; 1.0000; 0.0000; 0.0000; 0.0000; 0.5063;      0;      0;      0; 94.85; 0.95; 29.91; 94.85; 0.95; 29.91; 0.9614; 0.0003; 0.0090; 0.0203; 0.0006; 0.0188; 55.33; 0.20; 6.19; 3.01; 0.01; 0.39; 0.00; 0.00; 0.00; 0
41; 1.0000; 0.0000; 0.0000; 0.0000; 0.5063;      0;      0;      0; 92.50; 0.84; 26.58; 92.50; 0.84; 26.58; 0.9551; 0.0003; 0.0109; 0.0229; 0.0006; 0.0202; 42.81; 0.20; 6.21; 3.00; 0.01; 0.43; 0.00; 0.00; 0.00; 0
42; 1.0000; 0.0000; 0.0000; 0.0000; 0.5063; 0.0627; 0.0127; 0.4008; 99.50; 0.84; 26.58; 99.50; 0.84; 26.58; 0.9611; 0.0003; 0.0096; 0.0212; 0.0006; 0.0186; 56.81; 0.20; 6.21; 3.01; 0.01; 0.40; 0.00; 0.00; 0.00; 0
43; 1.0000; 0.0000; 0.0000; 0.0000; 0.5063;      0;      0;      0; 99.50; 0.84; 26.58; 99.50; 0.84; 26.58; 0.9611; 0.0003; 0.0096; 0.0212; 0.0006; 0.0186; 56.81; 0.20; 6.21; 3.01; 0.01; 0.40; 0.00; 0.00; 0.00; 0
44; 1.0000; 0.0000; 0.0000; 0.0000; 0.5063;      0;      0;      0; 94.52; 0.92; 29.18; 94.52; 0.92; 29.18; 0.9608; 0.0003; 0.0095; 0.0211; 0.0006; 0.0187; 55.23; 0.20; 6.24; 3.00; 0.01; 0.40; 0.00; 0.00; 0.00; 0
45; 1.0000; 0.0000; 0.0000; 0.0000; 0.5063;      0;      0;      0; 90.72; 0.83; 26.18; 90.72; 0.83; 26.18; 0.9543; 0.0004; 0.0119; 0.0225; 0.0006; 0.0203; 42.68; 0.19; 6.15; 2.99; 0.01; 0.43; 0.00; 0.00; 0.00; 0
46; 1.0000; 0.0000; 0.0000; 0.0000; 0.5063; 0.0470; 0.0123; 0.3905; 97.72; 0.83; 26.18; 97.72; 0.83; 26.18; 0.9606; 0.0003; 0.0103; 0.0208; 0.0006; 0.0187; 56.68; 0.19; 6.15; 3.00; 0.01; 0.40; 0.00; 0.00; 0.00; 0
47; 1.0000; 0.0000; 0.0000; 0.0000; 0.5063;      0;      0;      0; 97.72; 0.83; 26.18; 97.72; 0.83; 26.18; 0.9606; 0.0003; 0.0103; 0.0208; 0.0006; 0.0187; 56.68; 0.19; 6.15; 3.00; 0.01; 0.40; 0.00; 0.00; 0.00; 0
48; 1.0000; 0.0000; 0.0000; 0.0000; 0.5063;      0;      0;      0; 92.68; 0.91; 28.67; 92.68; 0.91; 28.67; 0.9602; 0.0003; 0.0103; 0.0207; 0.0006; 0.0192; 55.03; 0.20; 6.19; 3.00; 0.01; 0.40; 0.00; 0.00; 0.00; 0
49; 1.0000; 0.0000; 0.0000; 0.0000; 0.5063;      0;      0;      0; 92.71; 0.83; 26.15; 92.71; 0.83; 26.15; 0.9542; 0.0004; 0.0119; 0.0225; 0.0006; 0.0199; 42.83; 0.20; 6.29; 2.97; 0.01; 0.42; 0.00; 0.00; 0.00; 0
50; 1.0000; 0.0000; 0.0000; 0.0000; 0.5063; 0.0882; 0.0121; 0.3839; 99.71; 0.83; 26.15; 99.71; 0.83; 26.15; 0.9604; 0.0003; 0.0105; 0.0209; 0.0006; 0.0185; 56.83; 0.20; 6.29; 2.98; 0.01; 0.39; 0.00; 0.00; 0.00; 0
51; 1.0000; 0.0000; 0.0000; 0.0000; 0.5063;      0;      0;      0; 99.71; 0.83; 26.15; 99.71; 0.83; 26.15; 0.9604; 0.0003; 0.0105; 0.0209; 0.0006; 0.0185; 56.83; 0.20; 6.29; 2.98; 0.01; 0.39; 0.00; 0.00; 0.00; 0
52; 1.0000; 0.0000; 0.0000; 0.0000; 0.5063;      0;      0;      0; 94.93; 0.90; 28.49; 94.93; 0.90; 28.49; 0.9601; 0.0003; 0.0105; 0.0211; 0.0006; 0.0191; 55.26; 0.20; 6.34; 2.98; 0.01; 0.39; 0.00; 0.00; 0.00; 0
53; 1.0000; 0.0000; 0.0000; 0.0000; 0.5063;      0;      0;      0; 90.38; 0.83; 26.17; 90.38; 0.83; 26.17; 0.9536; 0.0004; 0.0125; 0.0231; 0.0007; 0.0210; 42.32; 0.20; 6.25; 2.96; 0.01; 0.42; 0.00; 0.00; 0.00; 0
54; 1.0000; 0.0000; 0.0000; 0.0000; 0.5063; 0.0368; 0.0120; 0.3793; 97.38; 0.83; 26.17; 97.38; 0.83; 26.17; 0.9599; 0.0003; 0.0110; 0.0213; 0.0006; 0.0194; 56.32; 0.20; 6.25; 2.97; 0.01; 0.39; 0.00; 0.00; 0.00; 0
55; 1.0000; 0.0000; 0.0000; 0.0000; 0.5063;      0;      0;      0; 97.38; 0.83; 26.17; 97.38; 0.83; 26.17; 0.9599; 0.0003; 0.0110; 0.0213; 0.0006; 0.0194; 56.32; 0.20; 6.25; 2.97; 0.01; 0.39; 0.00; 0.00; 0.00; 0
56; 1.0000; 0.0000; 0.0000; 0.0000; 0.5063;      0;      0;      0; 92.22; 0.90; 28.56; 92.22; 0.90; 28.56; 0.9596; 0.0003; 0.0108; 0.0214; 0.0006; 0.0200; 54.63; 0.19; 6.11; 2.97; 0.01; 0.40; 0.00; 0.00; 0.00; 0
57; 1.0000; 0.0000; 0.0000; 0.0000; 0.5063;      0;      0;      0; 91.53; 0.83; 26.37; 91.53; 0.83; 26.37; 0.9537; 0.0004; 0.0123; 0.0224; 0.0007; 0.0210; 42.30; 0.20; 6.24; 2.96; 0.01; 0.44; 0.00; 0.00; 0.00; 0
58; 1.0000; 0.0000; 0.0000; 0.0000; 0.5063; 0.0798; 0.0119; 0.3771; 98.53; 0.83; 26.37; 98.53; 0.83; 26.37; 0.9600; 0.0003; 0.0108; 0.0208; 0.0006; 0.0194; 56.30; 0.20; 6.24; 2.97; 0.01; 0.40; 0.00; 0.00; 0.00; 0
59; 1.0000; 0.0000; 0.0000; 0.0000; 0.5063;      0;      0;      0; 98.53; 0.83; 26.37; 98.53; 0.83; 26.37; 0.9600; 0.0003; 0.0108; 0.0208; 0.0006; 0.0194; 56.30; 0.20; 6.24; 2.97; 0.01; 0.40; 0.00; 0.00; 0.00; 0
60; 1.0000; 0.0000; 0.0000; 0.0000; 0.5063;      0;      0;      0; 93.65; 0.91; 28.72; 93.65; 0.91; 28.72; 0.9598; 0.0003; 0.0108; 0.0208; 0.0006; 0.0198; 54.71; 0.20; 6.22; 2.97; 0.01; 0.41; 0.00; 0.00; 0.00; 0
61; 1.0000; 0.0000; 0.0000; 0.0000; 0.5063;      0;      0;      0; 90.22; 0.82; 26.02; 90.22; 0.82; 26.02; 0.9539; 0.0004; 0.0123; 0.0228; 0.0007; 0.0210; 42.28; 0.20; 6.32; 2.95; 0.01; 0.44; 0.00; 0.00; 0.00; 0
62; 1.0000; 0.0000; 0.0000; 0.0000; 0.5063; 0.0505; 0.0120; 0.3804; 97.22; 0.82; 26.02; 97.22; 0.82; 26.02; 0.9602; 0.0003; 0.0107; 0.0211; 0.0006; 0.0194; 56.28; 0.20; 6.32; 2.97; 0.01; 0.41; 0.00; 0.00; 0.00; 0
63; 1.0000; 0.0000; 0.0000; 0.0000; 0.5063;      0;      0;      0; 97.22; 0.82; 26.02; 97.22; 0.82; 26.02; 0.9602; 0.0003; 0.0107; 0.0211; 0.0006; 0.0194; 56.28; 0.20; 6.32; 2.97; 0.01; 0.41; 0.00; 0.00; 0.00; 0
64; 1.0000; 0.0000; 0.0000; 0.0000; 0.5063;      0;      0;      0; 92.12; 0.90; 28.52; 92.12; 0.90; 28.52; 0.9599; 0.0003; 0.0108; 0.0209; 0.0006; 0.0199; 54.66; 0.20; 6.27; 2.97; 0.01; 0.41; 0.00; 0.00; 0.00; 0
65; 1.0000; 0.0000; 0.0000; 0.0000; 0.5063;      0;      0;      0; 91.15; 0.84; 26.60; 91.15; 0.84; 26.60; 0.9542; 0.0004; 0.0121; 0.0225; 0.0007; 0.0211; 42.58; 0.20; 6.48; 2.96; 0.01; 0.44; 0.00; 0.00; 0.00; 0
66; 1.0000; 0.0000; 0.0000; 0.0000; 0.5063; 0.0765; 0.0123; 0.3881; 98.15; 0.84; 26.60; 98.15; 0.84; 26.60; 0.9605; 0.0003; 0.0105; 0.0208; 0.0006; 0.0194; 56.58; 0.20; 6.48; 2.97; 0.01; 0.41; 0.00; 0.00; 0.00; 0
67; 1.0000; 0.0000; 0.0000; 0.0000; 0.5063;      0;      0;      0; 98.15; 0.84; 26.60; 98.15; 0.84; 26.60; 0.9605; 0.0003; 0.0105; 0.0208; 0.0006; 0.0194; 56.58; 0.20; 6.48; 2.97; 0.01; 0.41; 0.00; 0.00; 0.00; 0
68; 1.0000; 0.0000; 0.0000; 0.0000; 0.5063;      0;      0;      0; 93.21; 0.91; 28.82; 93.21; 0.91; 28.82; 0.9602; 0.0003; 0.0104; 0.0208; 0.0006; 0.0196; 55.03; 0.21; 6.52; 2.97; 0.01; 0.41; 0.00; 0.00; 0.00; 0
69; 1.0000; 0.0000; 0.0000; 0.0000; 0.5063;      0;      0;      0; 90.85; 0.83; 26.09; 90.85; 0.83; 26.09; 0.9541; 0.0004; 0.0119; 0.0230; 0.0007; 0.0212; 42.75; 0.20; 6.45; 2.96; 0.01; 0.45; 0.00; 0.00; 0.00; 0
70; 1.0000; 0.0000; 0.0000; 0.0000; 0.5063; 0.0630; 0.0126; 0.3986; 97.85; 0.83; 26.09; 97.85; 0.83; 26.09; 0.9604; 0.0003; 0.0104; 0.0213; 0.0006; 0.0196; 56.75; 0.20; 6.45; 2.97; 0.01; 0.42; 0.00; 0.00; 0.00; 0
71; 1.0000; 0.0000; 0.0000; 0.0000; 0.5063;      0;      0;      0; 97.85; 0.83; 26.09; 97.85; 0.83; 26.09; 0.9604; 0.0003; 0.0104; 0.0213; 0.0006; 0.0196; 56.75; 0.20; 6.45; 2.97; 0.01; 0.42; 0.00; 0.00; 0.00; 0
72; 1.0000; 0.0000; 0.0000; 0.0000; 0.5063;      0;      0;      0; 92.67; 0.90; 28.52; 92.67; 0.90; 28.52; 0.9600; 0.0003; 0.0105; 0.0213; 0.0006; 0.0200; 55.12; 0.20; 6.43; 2.97; 0.01; 0.42; 0.00; 0.00; 0.00; 0
73; 1.0000; 0.0000; 0.0000; 0.0000; 0.5063;      0;      0;      0; 92.27; 0.83; 26.34; 92.27; 0.83; 26.34; 0.9540; 0.0004; 0.0117; 0.0234; 0.0006; 0.0201; 42.75; 0.20; 6.39; 2.95; 0.01; 0.44; 0.00; 0.00; 0.00; 0
74; 1.0000; 0.0000; 0.0000; 0.0000; 0.5063; 0.0828; 0.0124; 0.3935; 99.27; 0.83; 26.34; 99.27; 0.83; 26.34; 0.9603; 0.0003; 0.0101; 0.0217; 0.0006; 0.0185; 56.75; 0.20; 6.39; 2.97; 0.01; 0.41; 0.00; 0.00; 0.00; 0
75; 1.0000; 0.0000; 0.0000; 0.0000; 0.5063;      0;      0;      0; 99.27; 0.83; 26.34; 99.27; 0.83; 26.34; 0.9603; 0.0003; 0.0101; 0.0217; 0.0006; 0.0185; 56.75; 0.20; 6.39; 2.97; 0.01; 0.41; 0.00; 0.00; 0.00; 0
76; 1.0000; 0.0000; 0.0000; 0.0000; 0.5063;      0;      0;      0; 94.31; 0.91; 28.80; 94.31; 0.91; 28.80; 0.9600; 0.0003; 0.0101; 0.0217; 0.0006; 0.0193; 55.20; 0.21; 6.51; 2.96; 0.01; 0.41; 0.00; 0.00; 0.00; 0
77; 1.0000; 0.0000; 0.0000; 0.0000; 0.5063;      0;      0;      0; 91.63; 0.83; 26.27; 91.63; 0.83; 26.27; 0.9537; 0.0004; 0.0119; 0.0236; 0.0007; 0.0207; 42.60; 0.19; 6.10; 2.94; 0.01; 0.44; 0.00; 0.00; 0.00; 0
78; 1.0000; 0.0000; 0.0000; 0.0000; 0.5063; 0.0580; 0.0125; 0.3966; 98.63; 0.83; 26.27; 98.63; 0.83; 26.27; 0.9600; 0.0003; 0.0104; 0.0219; 0.0006; 0.0191; 56.60; 0.19; 6.10; 2.96; 0.01; 0.41; 0.00; 0.00; 0.00; 0
79; 1.0000; 0.0000; 0.0000; 0.0000; 0.5063;      0;      0;      0; 98.63; 0.83; 26.27; 98.63; 0.83; 26.27; 0.9600; 0.0003; 0.0104; 0.0219; 0.0006; 0.0191; 56.60; 0.19; 6.10; 2.96; 0.01; 0.41; 0.00; 0.00; 0.00; 0
80; 1.0000; 0.0000; 0.0000; 0.0000; 0.5063;      0;      0;      0; 93.75; 0.91; 28.66; 93.75; 0.91; 28.66; 0.9597; 0.0003; 0.0103; 0.0218; 0.0006; 0.0193; 55.02; 0.19; 6.11; 2.96; 0.01; 0.41; 0.00; 0.00; 0.00; 0
81; 1.0000; 0.0000; 0.0000; 0.0000; 0.5063;      0;      0;      0; 93.60; 0.86; 27.07; 93.60; 0.86; 27.07; 0.9536; 0.0004; 0.0115; 0.0240; 0.0006; 0.0204; 42.60; 0.19; 6.07; 2.94; 0.01; 0.43; 0.00; 0.00; 0.00; 0
82; 1.0000; 0.0000; 0.0000; 0.0000; 0.5063; 0.0819; 0.0126; 0.3970; 100.60; 0.86; 27.07; 100.60; 0.86; 27.07; 0.9598; 0.0003; 0.0101; 0.0222; 0.0006; 0.0189; 56.60; 0.19; 6.07; 2.96; 0.01; 0.40; 0.00; 0.00; 0.00; 0
83; 1.0000; 0.0000; 0.0000; 0.0000; 0.5063;      0;      0;      0; 100.60; 0.86; 27.07; 100.60; 0.86; 27.07; 0.9598; 0.0003; 0.0101; 0.0222; 0.0006; 0.0189; 56.60; 0.19; 6.07; 2.96; 0.01; 0.40; 0.00; 0.00; 0.00; 0
84; 1.0000; 0.0000; 0.0000; 0.0000; 0.5063;      0;      0;      0; 95.94; 0.93; 29.42; 95.94; 0.93; 29.42; 0.9596; 0.0003; 0.0100; 0.0223; 0.0006; 0.0193; 55.09; 0.20; 6.21; 2.96; 0.01; 0.40; 0.00; 0.00; 0.00; 0
85; 1.0000; 0.0000; 0.0000; 0.0000; 0.5063;      0;      0;      0; 92.68; 0.85; 26.79; 92.68; 0.85; 26.79; 0.9534; 0.0004; 0.0117; 0.0244; 0.0007; 0.0206; 42.26; 0.19; 6.06; 2.94; 0.01; 0.43; 0.00; 0.00; 0.00; 0
86; 1.0000; 0.0000; 0.0000; 0.0000; 0.5063; 0.0518; 0.0122; 0.3862; 99.68; 0.85; 26.79; 99.68; 0.85; 26.79; 0.9597; 0.0003; 0.0102; 0.0226; 0.0006; 0.0191; 56.26; 0.19; 6.06; 2.95; 0.01; 0.40; 0.00; 0.00; 0.00; 0
87; 1.0000; 0.0000; 0.0000; 0.0000; 0.5063;      0;      0;      0; 99.68; 0.85; 26.79; 99.68; 0.85; 26.79; 0.9597; 0.0003; 0.0102; 0.0226; 0.0006; 0.0191; 56.26; 0.19; 6.06; 2.95; 0.01; 0.40; 0.00; 0.00; 0.00; 0
88; 1.0000; 0.0000; 0.0000; 0.0000; 0.5063;      0;      0;      0; 94.81; 0.92; 29.16; 94.81; 0.92; 29.16; 0.9595; 0.0003; 0.0101; 0.0226; 0.0006; 0.0196; 54.75; 0.19; 6.03; 2.95; 0.01; 0.41; 0.00; 0.00; 0.00; 0
89; 1.0000; 0.0000; 0.0000; 0.0000; 0.5063;      0;      0;      0; 90.16; 0.84; 26.44; 90.16; 0.84; 26.44; 0.9533; 0.0004; 0.0121; 0.0240; 0.0007; 0.0210; 42.06; 0.20; 6.31; 2.93; 0.01; 0.43; 0.00; 0.00; 0.00; 0
90; 1.0000; 0.0000; 0.0000; 0.0000; 0.5063; 0.0365; 0.0125; 0.3962; 97.16; 0.84; 26.44; 97.16; 0.84; 26.44; 0.9597; 0.0003; 0.0104; 0.0221; 0.0006; 0.0194; 56.06; 0.20; 6.31; 2.95; 0.01; 0.40; 0.00; 0.00; 0.00; 0
91; 1.0000; 0.0000; 0.0000; 0.0000; 0.5063;      0;      0;      0; 97.16; 0.84; 26.44; 97.16; 0.84; 26.44; 0.9597; 0.0003; 0.0104; 0.0221; 0.0006; 0.0194; 56.06; 0.20; 6.31; 2.95; 0.01; 0.40; 0.00; 0.00; 0.00; 0
92; 1.0000; 0.0000; 0.0000; 0.0000; 0.5063;      0;      0;      0; 92.09; 0.91; 28.77; 92.09; 0.91; 28.77; 0.9595; 0.0003; 0.0104; 0.0219; 0.0006; 0.0198; 54.46; 0.20; 6.26; 2.95; 0.01; 0.40; 0.00; 0.00; 0.00; 0
93; 1.0000; 0.0000; 0.0000; 0.0000; 0.5063;      0;      0;      0; 89.70; 0.83; 26.40; 89.70; 0.83; 26.40; 0.9535; 0.0004; 0.0119; 0.0240; 0.0006; 0.0204; 42.21; 0.20; 6.37; 2.93; 0.01; 0.43; 0.00; 0.00; 0.00; 0
94; 1.0000; 0.0000; 0.0000; 0.0000; 0.5063; 0.0619; 0.0123; 0.3877; 96.70; 0.83; 26.40; 96.70; 0.83; 26.40; 0.9599; 0.0003; 0.0104; 0.0221; 0.0006; 0.0188; 56.21; 0.20; 6.37; 2.95; 0.01; 0.40; 0.00; 0.00; 0.00; 0
95; 1.0000; 0.0000; 0.0000; 0.0000; 0.5063;      0;      0;      0; 96.70; 0.83; 26.40; 96.70; 0.83; 26.40; 0.9599; 0.0003; 0.0104; 0.0221; 0.0006; 0.0188; 56.21; 0.20; 6.37; 2.95; 0.01; 0.40; 0.00; 0.00; 0.00; 0
96; 1.0000; 0.0000; 0.0000; 0.0000; 0.5063;      0;      0;      0; 91.71; 0.91; 28.88; 91.71; 0.91; 28.88; 0.9596; 0.0003; 0.0105; 0.0222; 0.0006; 0.0194; 54.54; 0.20; 6.36; 2.95; 0.01; 0.40; 0.00; 0.00; 0.00; 0
97; 1.0000; 0.0000; 0.0000; 0.0000; 0.5063;      0;      0;      0; 92.99; 0.84; 26.48; 92.99; 0.84; 26.48; 0.9535; 0.0004; 0.0125; 0.0252; 0.0007; 0.0211; 42.64; 0.20; 6.33; 2.93; 0.01; 0.43; 0.00; 0.00; 0.00; 0
98; 1.0000; 0.0000; 0.0000; 0.0000; 0.5063; 0.1024; 0.0125; 0.3945; 99.99; 0.84; 26.48; 99.99; 0.84; 26.48; 0.9598; 0.0003; 0.0108; 0.0233; 0.0006; 0.0194; 56.64; 0.20; 6.33; 2.94; 0.01; 0.40; 0.00; 0.00; 0.00; 0
99; 1.0000; 0.0000; 0.0000; 0.0000; 0.5063;      0;      0;      0; 99.99; 0.84; 26.48; 99.99; 0.84; 26.48; 0.9598; 0.0003; 0.0108; 0.0233; 0.0006; 0.0194; 56.64; 0.20; 6.33; 2.94; 0.01; 0.40; 0.00; 0.00; 0.00; 0
100; 1.0000; 0.0000; 0.0000; 0.0000; 0.5063;      0;      0;      0; 95.07; 0.91; 28.91; 95.07; 0.91; 28.91; 0.9595; 0.0003; 0.0108; 0.0233; 0.0006; 0.0198; 55.07; 0.20; 6.39; 2.95; 0.01; 0.40; 0.00; 0.00; 0.00; 0
101; 1.0000; 0.0000; 0.0000; 0.0000; 0.5063;      0;      0;      0; 91.97; 0.85; 26.92; 91.97; 0.85; 26.92; 0.9533; 0.0004; 0.0125; 0.0250; 0.0007; 0.0215; 42.37; 0.20; 6.26; 2.92; 0.01; 0.45; 0.00; 0.00; 0.00; 0
102; 1.0000; 0.0000; 0.0000; 0.0000; 0.5063; 0.0512; 0.0121; 0.3818; 98.97; 0.85; 26.92; 98.97; 0.85; 26.92; 0.9597; 0.0003; 0.0108; 0.0231; 0.0006; 0.0198; 56.37; 0.20; 6.26; 2.94; 0.01; 0.42; 0.00; 0.00; 0.00; 0
103; 1.0000; 0.0000; 0.0000; 0.0000; 0.5063;      0;      0;      0; 98.97; 0.85; 26.92; 98.97; 0.85; 26.92; 0.9597; 0.0003; 0.0108; 0.0231; 0.0006; 0.0198; 56.37; 0.20; 6.26; 2.94; 0.01; 0.42; 0.00; 0.00; 0.00; 0
104; 1.0000; 0.0000; 0.0000; 0.0000; 0.5063;      0;      0;      0; 93.99; 0.93; 29.39; 93.99; 0.93; 29.39; 0.9593; 0.0003; 0.0108; 0.0232; 0.0006; 0.0205; 54.70; 0.20; 6.29; 2.94; 0.01; 0.42; 0.00; 0.00; 0.00; 0
105; 1.0000; 0.0000; 0.0000; 0.0000; 0.5063;      0;      0;      0; 91.85; 0.86; 27.19; 91.85; 0.86; 27.19; 0.9532; 0.0004; 0.0130; 0.0252; 0.0007; 0.0216; 42.37; 0.20; 6.23; 2.93; 0.01; 0.44; 0.00; 0.00; 0.00; 0
106; 1.0000; 0.0000; 0.0000; 0.0000; 0.5063; 0.0638; 0.0123; 0.3900; 98.85; 0.86; 27.19; 98.85; 0.86; 27.19; 0.9595; 0.0004; 0.0114; 0.0233; 0.0006; 0.0200; 56.37; 0.20; 6.23; 2.94; 0.01; 0.41; 0.00; 0.00; 0.00; 0
107; 1.0000; 0.0000; 0.0000; 0.0000; 0.5063;      0;      0;      0; 98.85; 0.86; 27.19; 98.85; 0.86; 27.19; 0.9595; 0.0004; 0.0114; 0.0233; 0.0006; 0.0200; 56.37; 0.20; 6.23; 2.94; 0.01; 0.41; 0.00; 0.00; 0.00; 0
108; 1.0000; 0.0000; 0.0000; 0.0000; 0.5063;      0;      0;      0; 94.00; 0.94; 29.68; 94.00; 0.94; 29.68; 0.9593; 0.0004; 0.0112; 0.0232; 0.0006; 0.0203; 54.82; 0.20; 6.27; 2.94; 0.01; 0.41; 0.00; 0.00; 0.00; 0
109; 1.0000; 0.0000; 0.0000; 0.0000; 0.5063;      0;      0;      0; 90.62; 0.83; 26.28; 90.62; 0.83; 26.28; 0.9532; 0.0004; 0.0129; 0.0241; 0.0007; 0.0216; 42.46; 0.20; 6.48; 2.92; 0.01; 0.44; 0.00; 0.00; 0.00; 0
110; 1.0000; 0.0000; 0.0000; 0.0000; 0.5063; 0.0527; 0.0126; 0.3974; 97.62; 0.83; 26.28; 97.62; 0.83; 26.28; 0.9596; 0.0004; 0.0112; 0.0222; 0.0006; 0.0198; 56.46; 0.20; 6.48; 2.94; 0.01; 0.41; 0.00; 0.00; 0.00; 0
111; 1.0000; 0.0000; 0.0000; 0.0000; 0.5063;      0;      0;      0; 97.62; 0.83; 26.28; 97.62; 0.83; 26.28; 0.9596; 0.0004; 0.0112; 0.0222; 0.0006; 0.0198; 56.46; 0.20; 6.48; 2.94; 0.01; 0.41; 0.00; 0.00; 0.00; 0
112; 1.0000; 0.0000; 0.0000; 0.0000; 0.5063;      0;      0;      0; 92.48; 0.91; 28.81; 92.48; 0.91; 28.81; 0.9593; 0.0004; 0.0112; 0.0220; 0.0006; 0.0202; 54.77; 0.21; 6.57; 2.94; 0.01; 0.41; 0.00; 0.00; 0.00; 0
113; 1.0000; 0.0000; 0.0000; 0.0000; 0.5063;      0;      0;      0; 93.02; 0.87; 27.49; 93.02; 0.87; 27.49; 0.9533; 0.0004; 0.0129; 0.0246; 0.0007; 0.0218; 42.56; 0.20; 6.19; 2.92; 0.01; 0.44; 0.00; 0.00; 0.00; 0
114; 1.0000; 0.0000; 0.0000; 0.0000; 0.5063; 0.0912; 0.0123; 0.3891; 100.02; 0.87; 27.49; 100.02; 0.87; 27.49; 0.9596; 0.0004; 0.0112; 0.0227; 0.0006; 0.0201; 56.56; 0.20; 6.19; 2.94; 0.01; 0.41; 0.00; 0.00; 0.00; 0
115; 1.0000; 0.0000; 0.0000; 0.0000; 0.5063;      0;      0;      0; 100.02; 0.87; 27.49; 100.02; 0.87; 27.49; 0.9596; 0.0004; 0.0112; 0.0227; 0.0006; 0.0201; 56.56; 0.20; 6.19; 2.94; 0.01; 0.41; 0.00; 0.00; 0.00; 0
116; 1.0000; 0.0000; 0.0000; 0.0000; 0.5063;      0;      0;      0; 95.23; 0.95; 29.89; 95.23; 0.95; 29.89; 0.9593; 0.0004; 0.0112; 0.0227; 0.0007; 0.0206; 55.07; 0.20; 6.32; 2.94; 0.01; 0.41; 0.00; 0.00; 0.00; 0
117; 1.0000; 0.0000; 0.0000; 0.0000; 0.5063;      0;      0;      0; 93.23; 0.86; 27.23; 93.23; 0.86; 27.23; 0.9530; 0.0004; 0.0126; 0.0247; 0.0007; 0.0214; 42.37; 0.19; 6.14; 2.93; 0.01; 0.44; 0.00; 0.00; 0.00; 0
118; 1.0000; 0.0000; 0.0000; 0.0000; 0.5063; 0.0655; 0.0122; 0.3872; 100.23; 0.86; 27.23; 100.23; 0.86; 27.23; 0.9593; 0.0003; 0.0110; 0.0229; 0.0006; 0.0198; 56.37; 0.19; 6.14; 2.95; 0.01; 0.41; 0.00; 0.00; 0.00; 0
119; 1.0000; 0.0000; 0.0000; 0.0000; 0.5063;      0;      0;      0; 100.23; 0.86; 27.23; 100.23; 0.86; 27.23; 0.9593; 0.0003; 0.0110; 0.0229; 0.0006; 0.0198; 56.37; 0.19; 6.14; 2.95; 0.01; 0.41; 0.00; 0.00; 0.00; 0
120; 1.0000; 0.0000; 0.0000; 0.0000; 0.5063;      0;      0;      0; 95.54; 0.93; 29.42; 95.54; 0.93; 29.42; 0.9590; 0.0003; 0.0110; 0.0230; 0.0006; 0.0204; 54.88; 0.20; 6.17; 2.95; 0.01; 0.41; 0.00; 0.00; 0.00; 0
121; 1.0000; 0.0000; 0.0000; 0.0000; 0.5063;      0;      0;      0; 91.48; 0.83; 26.17; 91.48; 0.83; 26.17; 0.9529; 0.0004; 0.0124; 0.0245; 0.0007; 0.0208; 42.11; 0.20; 6.30; 2.94; 0.01; 0.45; 0.00; 0.00; 0.00; 0
122; 1.0000; 0.0000; 0.0000; 0.0000; 0.5063; 0.0432; 0.0126; 0.3973; 98.48; 0.83; 26.17; 98.48; 0.83; 26.17; 0.9594; 0.0003; 0.0108; 0.0227; 0.0006; 0.0192; 56.11; 0.20; 6.30; 2.96; 0.01; 0.42; 0.00; 0.00; 0.00; 0
123; 1.0000; 0.0000; 0.0000; 0.0000; 0.5063;      0;      0;      0; 98.48; 0.83; 26.17; 98.48; 0.83; 26.17; 0.9594; 0.0003; 0.0108; 0.0227; 0.0006; 0.0192; 56.11; 0.20; 6.30; 2.96; 0.01; 0.42; 0.00; 0.00; 0.00; 0
124; 1.0000; 0.0000; 0.0000; 0.0000; 0.5063;      0;      0;      0; 93.57; 0.90; 28.46; 93.57; 0.90; 28.46; 0.9590; 0.0003; 0.0109; 0.0228; 0.0006; 0.0198; 54.57; 0.20; 6.37; 2.96; 0.01; 0.42; 0.00; 0.00; 0.00; 0
125; 1.0000; 0.0000; 0.0000; 0.0000; 0.5063;      0;      0;      0; 92.47; 0.87; 27.48; 92.47; 0.87; 27.48; 0.9534; 0.0004; 0.0119; 0.0239; 0.0006; 0.0203; 42.16; 0.20; 6.22; 2.93; 0.01; 0.46; 0.00; 0.00; 0.00; 0
126; 1.0000; 0.0000; 0.0000; 0.0000; 0.5063; 0.0714; 0.0123; 0.3893; 99.47; 0.87; 27.48; 99.47; 0.87; 27.48; 0.9598; 0.0003; 0.0104; 0.0221; 0.0006; 0.0187; 56.16; 0.20; 6.22; 2.95; 0.01; 0.43; 0.00; 0.00; 0.00; 0
127; 1.0000; 0.0000; 0.0000; 0.0000; 0.5063;      0;      0;      0; 99.47; 0.87; 27.48; 99.47; 0.87; 27.48; 0.9598; 0.0003; 0.0104; 0.0221; 0.0006; 0.0187; 56.16; 0.20; 6.22; 2.95; 0.01; 0.43; 0.00; 0.00; 0.00; 0
128; 1.0000; 0.0000; 0.0000; 0.0000; 0.5063;      0;      0;      0; 94.52; 0.95; 29.96; 94.52; 0.95; 29.96; 0.9595; 0.0003; 0.0103; 0.0221; 0.0006; 0.0190; 54.59; 0.20; 6.34; 2.95; 0.01; 0.43; 0.00; 0.00; 0.00; 0
129; 1.0000; 0.0000; 0.0000; 0.0000; 0.5063;      0;      0;      0; 93.01; 0.81; 25.56; 93.01; 0.81; 25.56; 0.9533; 0.0004; 0.0117; 0.0238; 0.0007; 0.0208; 42.19; 0.20; 6.22; 2.94; 0.01; 0.46; 0.00; 0.00; 0.00; 0
130; 1.0000; 0.0000; 0.0000; 0.0000; 0.5063; 0.0751; 0.0121; 0.3825; 100.01; 0.81; 25.56; 100.01; 0.81; 25.56; 0.9596; 0.0003; 0.0102; 0.0220; 0.0006; 0.0192; 56.19; 0.20; 6.22; 2.95; 0.01; 0.43; 0.00; 0.00; 0.00; 0
131; 1.0000; 0.0000; 0.0000; 0.0000; 0.5063;      0;      0;      0; 100.01; 0.81; 25.56; 100.01; 0.81; 25.56; 0.9596; 0.0003; 0.0102; 0.0220; 0.0006; 0.0192; 56.19; 0.20; 6.22; 2.95; 0.01; 0.43; 0.00; 0.00; 0.00; 0
132; 1.0000; 0.0000; 0.0000; 0.0000; 0.5063;      0;      0;      0; 95.40; 0.88; 27.87; 95.40; 0.88; 27.87; 0.9594; 0.0003; 0.0101; 0.0220; 0.0006; 0.0196; 54.79; 0.20; 6.19; 2.96; 0.01; 0.43; 0.00; 0.00; 0.00; 0
133; 1.0000; 0.0000; 0.0000; 0.0000; 0.5063;      0;      0;      0; 91.49; 0.83; 26.16; 91.49; 0.83; 26.16; 0.9531; 0.0004; 0.0116; 0.0243; 0.0007; 0.0211; 42.04; 0.19; 6.15; 2.94; 0.01; 0.46; 0.00; 0.00; 0.00; 0
134; 1.0000; 0.0000; 0.0000; 0.0000; 0.5063; 0.0416; 0.0124; 0.3936; 98.49; 0.83; 26.16; 98.49; 0.83; 26.16; 0.9595; 0.0003; 0.0100; 0.0224; 0.0006; 0.0194; 56.04; 0.19; 6.15; 2.95; 0.01; 0.43; 0.00; 0.00; 0.00; 0
135; 1.0000; 0.0000; 0.0000; 0.0000; 0.5063;      0;      0;      0; 98.49; 0.83; 26.16; 98.49; 0.83; 26.16; 0.9595; 0.0003; 0.0100; 0.0224; 0.0006; 0.0194; 56.04; 0.19; 6.15; 2.95; 0.01; 0.43; 0.00; 0.00; 0.00; 0
136; 1.0000; 0.0000; 0.0000; 0.0000; 0.5063;      0;      0;      0; 93.59; 0.90; 28.53; 93.59; 0.90; 28.53; 0.9592; 0.0003; 0.0101; 0.0223; 0.0006; 0.0202; 54.62; 0.20; 6.38; 2.95; 0.01; 0.43; 0.00; 0.00; 0.00; 0
137; 1.0000; 0.0000; 0.0000; 0.0000; 0.5063;      0;      0;      0; 91.11; 0.84; 26.50; 91.11; 0.84; 26.50; 0.9530; 0.0004; 0.0117; 0.0252; 0.0007; 0.0213; 42.23; 0.19; 6.09; 2.94; 0.01; 0.46; 0.00; 0.00; 0.00; 0
138; 1.0000; 0.0000; 0.0000; 0.0000; 0.5063; 0.0600; 0.0123; 0.3891; 98.11; 0.84; 26.50; 98.11; 0.84; 26.50; 0.9594; 0.0003; 0.0103; 0.0233; 0.0006; 0.0196; 56.23; 0.19; 6.09; 2.95; 0.01; 0.43; 0.00; 0.00; 0.00; 0
139; 1.0000; 0.0000; 0.0000; 0.0000; 0.5063;      0;      0;      0; 98.11; 0.84; 26.50; 98.11; 0.84; 26.50; 0.9594; 0.0003; 0.0103; 0.0233; 0.0006; 0.0196; 56.23; 0.19; 6.09; 2.95; 0.01; 0.43; 0.00; 0.00; 0.00; 0
140; 1.0000; 0.0000; 0.0000; 0.0000; 0.5063;      0;      0;      0; 92.98; 0.91; 28.91; 92.98; 0.91; 28.91; 0.9591; 0.0003; 0.0103; 0.0234; 0.0006; 0.0200; 54.61; 0.19; 6.08; 2.95; 0.01; 0.43; 0.00; 0.00; 0.00; 0
141; 1.0000; 0.0000; 0.0000; 0.0000; 0.5063;      0;      0;      0; 90.37; 0.82; 26.01; 90.37; 0.82; 26.01; 0.9533; 0.0004; 0.0121; 0.0254; 0.0007; 0.0211; 42.46; 0.20; 6.25; 2.94; 0.01; 0.45; 0.00; 0.00; 0.00; 0
142; 1.0000; 0.0000; 0.0000; 0.0000; 0.5063; 0.0594; 0.0123; 0.3893; 97.37; 0.82; 26.01; 97.37; 0.82; 26.01; 0.9597; 0.0003; 0.0104; 0.0235; 0.0006; 0.0195; 56.46; 0.20; 6.25; 2.96; 0.01; 0.42; 0.00; 0.00; 0.00; 0
143; 1.0000; 0.0000; 0.0000; 0.0000; 0.5063;      0;      0;      0; 97.37; 0.82; 26.01; 97.37; 0.82; 26.01; 0.9597; 0.0003; 0.0104; 0.0235; 0.0006; 0.0195; 56.46; 0.20; 6.25; 2.96; 0.01; 0.42; 0.00; 0.00; 0.00; 0
144; 1.0000; 0.0000; 0.0000; 0.0000; 0.5063;      0;      0;      0; 92.19; 0.90; 28.48; 92.19; 0.90; 28.48; 0.9595; 0.0003; 0.0105; 0.0234; 0.0006; 0.0200; 54.77; 0.20; 6.35; 2.96; 0.01; 0.42; 0.00; 0.00; 0.00; 0
145; 1.0000; 0.0000; 0.0000; 0.0000; 0.5063;      0;      0;      0; 91.26; 0.81; 25.71; 91.26; 0.81; 25.71; 0.9537; 0.0004; 0.0119; 0.0246; 0.0007; 0.0217; 42.61; 0.20; 6.29; 2.93; 0.01; 0.45; 0.00; 0.00; 0.00; 0
146; 1.0000; 0.0000; 0.0000; 0.0000; 0.5063; 0.0788; 0.0122; 0.3857; 98.26; 0.81; 25.71; 98.26; 0.81; 25.71; 0.9600; 0.0003; 0.0103; 0.0228; 0.0006; 0.0200; 56.61; 0.20; 6.29; 2.95; 0.01; 0.42; 0.00; 0.00; 0.00; 0
147; 1.0000; 0.0000; 0.0000; 0.0000; 0.5063;      0;      0;      0; 98.26; 0.81; 25.71; 98.26; 0.81; 25.71; 0.9600; 0.0003; 0.0103; 0.0228; 0.0006; 0.0200; 56.61; 0.20; 6.29; 2.95; 0.01; 0.42; 0.00; 0.00; 0.00; 0
148; 1.0000; 0.0000; 0.0000; 0.0000; 0.5063;      0;      0;      0; 93.38; 0.89; 28.00; 93.38; 0.89; 28.00; 0.9597; 0.0003; 0.0103; 0.0225; 0.0006; 0.0202; 55.09; 0.20; 6.34; 2.95; 0.01; 0.42; 0.00; 0.00; 0.00; 0
149; 1.0000; 0.0000; 0.0000; 0.0000; 0.5063;      0;      0;      0; 92.00; 0.84; 26.69; 92.00; 0.84; 26.69; 0.9536; 0.0004; 0.0121; 0.0249; 0.0007; 0.0208; 42.59; 0.19; 6.13; 2.93; 0.01; 0.44; 0.00; 0.00; 0.00; 0
150; 1.0000; 0.0000; 0.0000; 0.0000; 0.5063; 0.0685; 0.0122; 0.3845; 99.00; 0.84; 26.69; 99.00; 0.84; 26.69; 0.9599; 0.0003; 0.0106; 0.0230; 0.0006; 0.0192; 56.59; 0.19; 6.13; 2.95; 0.01; 0.41; 0.00; 0.00; 0.00; 0
151; 1.0000; 0.0000; 0.0000; 0.0000; 0.5063;      0;      0;      0; 99.00; 0.84; 26.69; 99.00; 0.84; 26.69; 0.9599; 0.0003; 0.0106; 0.0230; 0.0006; 0.0192; 56.59; 0.19; 6.13; 2.95; 0.01; 0.41; 0.00; 0.00; 0.00; 0
152; 1.0000; 0.0000; 0.0000; 0.0000; 0.5063;      0;      0;      0; 94.00; 0.92; 29.21; 94.00; 0.92; 29.21; 0.9596; 0.0003; 0.0107; 0.0233; 0.0006; 0.0198; 55.01; 0.19; 6.15; 2.95; 0.01; 0.41; 0.00; 0.00; 0.00; 0
153; 1.0000; 0.0000; 0.0000; 0.0000; 0.5063;      0;      0;      0; 91.62; 0.84; 26.42; 91.62; 0.84; 26.42; 0.9538; 0.0004; 0.0119; 0.0250; 0.0007; 0.0212; 42.45; 0.20; 6.46; 2.93; 0.01; 0.44; 0.00; 0.00; 0.00; 0
154; 1.0000; 0.0000; 0.0000; 0.0000; 0.5063; 0.0628; 0.0124; 0.3936; 98.62; 0.84; 26.42; 98.62; 0.84; 26.42; 0.9601; 0.0003; 0.0104; 0.0232; 0.0006; 0.0196; 56.45; 0.20; 6.46; 2.94; 0.01; 0.41; 0.00; 0.00; 0.00; 0
155; 1.0000; 0.0000; 0.0000; 0.0000; 0.5063;      0;      0;      0; 98.62; 0.84; 26.42; 98.62; 0.84; 26.42; 0.9601; 0.0003; 0.0104; 0.0232; 0.0006; 0.0196; 56.45; 0.20; 6.46; 2.94; 0.01; 0.41; 0.00; 0.00; 0.00; 0
156; 1.0000; 0.0000; 0.0000; 0.0000; 0.5063;      0;      0;      0; 93.64; 0.91; 28.82; 93.64; 0.91; 28.82; 0.9597; 0.0003; 0.0104; 0.0232; 0.0006; 0.0201; 54.86; 0.21; 6.51; 2.94; 0.01; 0.41; 0.00; 0.00; 0.00; 0
157; 1.0000; 0.0000; 0.0000; 0.0000; 0.5063;      0;      0;      0; 92.05; 0.81; 25.73; 92.05; 0.81; 25.73; 0.9535; 0.0004; 0.0121; 0.0250; 0.0007; 0.0210; 42.29; 0.20; 6.31; 2.92; 0.01; 0.44; 0.00; 0.00; 0.00; 0
158; 1.0000; 0.0000; 0.0000; 0.0000; 0.5063; 0.0712; 0.0119; 0.3777; 99.05; 0.81; 25.73; 99.05; 0.81; 25.73; 0.9597; 0.0003; 0.0107; 0.0231; 0.0006; 0.0194; 56.29; 0.20; 6.31; 2.94; 0.01; 0.41; 0.00; 0.00; 0.00; 0
159; 1.0000; 0.0000; 0.0000; 0.0000; 0.5063;      0;      0;      0; 99.05; 0.81; 25.73; 99.05; 0.81; 25.73; 0.9597; 0.0003; 0.0107; 0.0231; 0.0006; 0.0194; 56.29; 0.20; 6.31; 2.94; 0.01; 0.41; 0.00; 0.00; 0.00; 0
160; 1.0000; 0.0000; 0.0000; 0.0000; 0.5063;      0;      0;      0; 94.09; 0.90; 28.31; 94.09; 0.90; 28.31; 0.9594; 0.0003; 0.0107; 0.0231; 0.0006; 0.0199; 54.76; 0.19; 6.13; 2.94; 0.01; 0.42; 0.00; 0.00; 0.00; 0
161; 1.0000; 0.0000; 0.0000; 0.0000; 0.5063;      0;      0;      0; 91.51; 0.84; 26.62; 91.51; 0.84; 26.62; 0.9533; 0.0004; 0.0125; 0.0244; 0.0007; 0.0210; 42.34; 0.20; 6.33; 2.92; 0.01; 0.45; 0.00; 0.00; 0.00; 0
162; 1.0000; 0.0000; 0.0000; 0.0000; 0.5063; 0.0571; 0.0123; 0.3882; 98.51; 0.84; 26.62; 98.51; 0.84; 26.62; 0.9596; 0.0003; 0.0109; 0.0226; 0.0006; 0.0193; 56.34; 0.20; 6.33; 2.94; 0.01; 0.42; 0.00; 0.00; 0.00; 0
163; 1.0000; 0.0000; 0.0000; 0.0000; 0.5063;      0;      0;      0; 98.51; 0.84; 26.62; 98.51; 0.84; 26.62; 0.9596; 0.0003; 0.0109; 0.0226; 0.0006; 0.0193; 56.34; 0.20; 6.33; 2.94; 0.01; 0.42; 0.00; 0.00; 0.00; 0
164; 1.0000; 0.0000; 0.0000; 0.0000; 0.5063;      0;      0;      0; 93.56; 0.91; 28.93; 93.56; 0.91; 28.93; 0.9593; 0.0003; 0.0109; 0.0227; 0.0006; 0.0199; 54.81; 0.20; 6.32; 2.94; 0.01; 0.42; 0.00; 0.00; 0.00; 0
165; 1.0000; 0.0000; 0.0000; 0.0000; 0.5063;      0;      0;      0; 90.14; 0.83; 26.12; 90.14; 0.83; 26.12; 0.9535; 0.0004; 0.0124; 0.0239; 0.0007; 0.0206; 42.34; 0.20; 6.27; 2.93; 0.01; 0.46; 0.00; 0.00; 0.00; 0
166; 1.0000; 0.0000; 0.0000; 0.0000; 0.5063; 0.0509; 0.0124; 0.3930; 97.14; 0.83; 26.12; 97.14; 0.83; 26.12; 0.9599; 0.0003; 0.0108; 0.0221; 0.0006; 0.0191; 56.34; 0.20; 6.27; 2.95; 0.01; 0.42; 0.00; 0.00; 0.00; 0
167; 1.0000; 0.0000; 0.0000; 0.0000; 0.5063;      0;      0;      0; 97.14; 0.83; 26.12; 97.14; 0.83; 26.12; 0.9599; 0.0003; 0.0108; 0.0221; 0.0006; 0.0191; 56.34; 0.20; 6.27; 2.95; 0.01; 0.42; 0.00; 0.00; 0.00; 0
168; 1.0000; 0.0000; 0.0000; 0.0000; 0.5063;      0;      0;      0; 91.96; 0.90; 28.59; 91.96; 0.90; 28.59; 0.9595; 0.0003; 0.0107; 0.0220; 0.0006; 0.0199; 54.66; 0.20; 6.32; 2.95; 0.01; 0.43; 0.00; 0.00; 0.00; 0
169; 1.0000; 0.0000; 0.0000; 0.0000; 0.5063;      0;      0;      0; 91.82; 0.83; 26.27; 91.82; 0.83; 26.27; 0.9538; 0.0004; 0.0125; 0.0235; 0.0007; 0.0211; 42.63; 0.20; 6.39; 2.93; 0.01; 0.45; 0.00; 0.00; 0.00; 0
170; 1.0000; 0.0000; 0.0000; 0.0000; 0.5063; 0.0860; 0.0122; 0.3862; 98.82; 0.83; 26.27; 98.82; 0.83; 26.27; 0.9600; 0.0003; 0.0110; 0.0218; 0.0006; 0.0196; 56.63; 0.20; 6.39; 2.94; 0.01; 0.41; 0.00; 0.00; 0.00; 0
171; 1.0000; 0.0000; 0.0000; 0.0000; 0.5063;      0;      0;      0; 98.82; 0.83; 26.27; 98.82; 0.83; 26.27; 0.9600; 0.0003; 0.0110; 0.0218; 0.0006; 0.0196; 56.63; 0.20; 6.39; 2.94; 0.01; 0.41; 0.00; 0.00; 0.00; 0
172; 1.0000; 0.0000; 0.0000; 0.0000; 0.5063;      0;      0;      0; 93.84; 0.91; 28.65; 93.84; 0.91; 28.65; 0.9598; 0.0003; 0.0108; 0.0216; 0.0006; 0.0197; 55.03; 0.20; 6.29; 2.95; 0.01; 0.41; 0.00; 0.00; 0.00; 0
173; 1.0000; 0.0000; 0.0000; 0.0000; 0.5063;      0;      0;      0; 91.52; 0.86; 27.16; 91.52; 0.86; 27.16; 0.9539; 0.0004; 0.0125; 0.0236; 0.0006; 0.0202; 42.57; 0.20; 6.33; 2.93; 0.01; 0.45; 0.00; 0.00; 0.00; 0
174; 1.0000; 0.0000; 0.0000; 0.0000; 0.5063; 0.0590; 0.0120; 0.3802; 98.52; 0.86; 27.16; 98.52; 0.86; 27.16; 0.9602; 0.0003; 0.0109; 0.0218; 0.0006; 0.0187; 56.57; 0.20; 6.33; 2.95; 0.01; 0.41; 0.00; 0.00; 0.00; 0
175; 1.0000; 0.0000; 0.0000; 0.0000; 0.5063;      0;      0;      0; 98.52; 0.86; 27.16; 98.52; 0.86; 27.16; 0.9602; 0.0003; 0.0109; 0.0218; 0.0006; 0.0187; 56.57; 0.20; 6.33; 2.95; 0.01; 0.41; 0.00; 0.00; 0.00; 0
176; 1.0000; 0.0000; 0.0000; 0.0000; 0.5063;      0;      0;      0; 93.58; 0.93; 29.42; 93.58; 0.93; 29.42; 0.9598; 0.0003; 0.0110; 0.0219; 0.0006; 0.0192; 54.94; 0.20; 6.33; 2.95; 0.01; 0.42; 0.00; 0.00; 0.00; 0
177; 1.0000; 0.0000; 0.0000; 0.0000; 0.5063;      0;      0;      0; 92.20; 0.88; 27.91; 92.20; 0.88; 27.91; 0.9534; 0.0004; 0.0132; 0.0246; 0.0007; 0.0222; 42.34; 0.20; 6.33; 2.93; 0.01; 0.45; 0.00; 0.00; 0.00; 0
178; 1.0000; 0.0000; 0.0000; 0.0000; 0.5063; 0.0704; 0.0122; 0.3845; 99.20; 0.88; 27.91; 99.20; 0.88; 27.91; 0.9597; 0.0004; 0.0114; 0.0227; 0.0006; 0.0204; 56.34; 0.20; 6.33; 2.94; 0.01; 0.42; 0.00; 0.00; 0.00; 0
179; 1.0000; 0.0000; 0.0000; 0.0000; 0.5063;      0;      0;      0; 99.20; 0.88; 27.91; 99.20; 0.88; 27.91; 0.9597; 0.0004; 0.0114; 0.0227; 0.0006; 0.0204; 56.34; 0.20; 6.33; 2.94; 0.01; 0.42; 0.00; 0.00; 0.00; 0
180; 1.0000; 0.0000; 0.0000; 0.0000; 0.5063;      0;      0;      0; 94.26; 0.95; 30.17; 94.26; 0.95; 30.17; 0.9594; 0.0004; 0.0114; 0.0226; 0.0007; 0.0211; 54.73; 0.20; 6.35; 2.94; 0.01; 0.41; 0.00; 0.00; 0.00; 0
181; 1.0000; 0.0000; 0.0000; 0.0000; 0.5063;      0;      0;      0; 90.64; 0.86; 27.08; 90.64; 0.86; 27.08; 0.9532; 0.0004; 0.0130; 0.0250; 0.0007; 0.0228; 42.21; 0.20; 6.28; 2.93; 0.01; 0.45; 0.00; 0.00; 0.00; 0
182; 1.0000; 0.0000; 0.0000; 0.0000; 0.5063; 0.0497; 0.0128; 0.4034; 97.64; 0.86; 27.08; 97.64; 0.86; 27.08; 0.9597; 0.0004; 0.0112; 0.0231; 0.0007; 0.0209; 56.21; 0.20; 6.28; 2.94; 0.01; 0.41; 0.00; 0.00; 0.00; 0
183; 1.0000; 0.0000; 0.0000; 0.0000; 0.5063;      0;      0;      0; 97.64; 0.86; 27.08; 97.64; 0.86; 27.08; 0.9597; 0.0004; 0.0112; 0.0231; 0.0007; 0.0209; 56.21; 0.20; 6.28; 2.94; 0.01; 0.41; 0.00; 0.00; 0.00; 0
184; 1.0000; 0.0000; 0.0000; 0.0000; 0.5063;      0;      0;      0; 92.79; 0.93; 29.41; 92.79; 0.93; 29.41; 0.9595; 0.0004; 0.0111; 0.0230; 0.0007; 0.0214; 54.67; 0.20; 6.30; 2.94; 0.01; 0.41; 0.00; 0.00; 0.00; 0
185; 1.0000; 0.0000; 0.0000; 0.0000; 0.5063;      0;      0;      0; 92.50; 0.86; 27.04; 92.50; 0.86; 27.04; 0.9537; 0.0004; 0.0120; 0.0247; 0.0007; 0.0214; 42.58; 0.19; 5.89; 2.93; 0.01; 0.44; 0.00; 0.00; 0.00; 0
186; 1.0000; 0.0000; 0.0000; 0.0000; 0.5063; 0.0843; 0.0124; 0.3932; 99.50; 0.86; 27.04; 99.50; 0.86; 27.04; 0.9600; 0.0003; 0.0105; 0.0228; 0.0006; 0.0197; 56.58; 0.19; 5.89; 2.94; 0.01; 0.41; 0.00; 0.00; 0.00; 0
187; 1.0000; 0.0000; 0.0000; 0.0000; 0.5063;      0;      0;      0; 99.50; 0.86; 27.04; 99.50; 0.86; 27.04; 0.9600; 0.0003; 0.0105; 0.0228; 0.0006; 0.0197; 56.58; 0.19; 5.89; 2.94; 0.01; 0.41; 0.00; 0.00; 0.00; 0
188; 1.0000; 0.0000; 0.0000; 0.0000; 0.5063;      0;      0;      0; 94.68; 0.93; 29.44; 94.68; 0.93; 29.44; 0.9597; 0.0003; 0.0105; 0.0227; 0.0006; 0.0203; 55.06; 0.19; 6.05; 2.94; 0.01; 0.41; 0.00; 0.00; 0.00; 0
189; 1.0000; 0.0000; 0.0000; 0.0000; 0.5063;      0;      0;      0; 92.23; 0.84; 26.43; 92.23; 0.84; 26.43; 0.9535; 0.0004; 0.0122; 0.0241; 0.0007; 0.0211; 42.42; 0.20; 6.22; 2.93; 0.01; 0.44; 0.00; 0.00; 0.00; 0
190; 1.0000; 0.0000; 0.0000; 0.0000; 0.5063; 0.0620; 0.0122; 0.3855; 99.23; 0.84; 26.43; 99.23; 0.84; 26.43; 0.9598; 0.0003; 0.0106; 0.0223; 0.0006; 0.0195; 56.42; 0.20; 6.22; 2.95; 0.01; 0.41; 0.00; 0.00; 0.00; 0
191; 1.0000; 0.0000; 0.0000; 0.0000; 0.5063;      0;      0;      0; 99.23; 0.84; 26.43; 99.23; 0.84; 26.43; 0.9598; 0.0003; 0.0106; 0.0223; 0.0006; 0.0195; 56.42; 0.20; 6.22; 2.95; 0.01; 0.41; 0.00; 0.00; 0.00; 0
192; 1.0000; 0.0000; 0.0000; 0.0000; 0.5063;      0;      0;      0; 94.40; 0.91; 28.87; 94.40; 0.91; 28.87; 0.9594; 0.0003; 0.0106; 0.0223; 0.0006; 0.0201; 54.90; 0.19; 6.14; 2.95; 0.01; 0.42; 0.00; 0.00; 0.00; 0
193; 1.0000; 0.0000; 0.0000; 0.0000; 0.5063;      0;      0;      0; 91.73; 0.84; 26.66; 91.73; 0.84; 26.66; 0.9532; 0.0004; 0.0126; 0.0244; 0.0007; 0.0220; 42.36; 0.19; 6.14; 2.92; 0.01; 0.44; 0.00; 0.00; 0.00; 0
194; 1.0000; 0.0000; 0.0000; 0.0000; 0.5063; 0.0574; 0.0125; 0.3967; 98.73; 0.84; 26.66; 98.73; 0.84; 26.66; 0.9596; 0.0003; 0.0109; 0.0226; 0.0006; 0.0204; 56.36; 0.19; 6.14; 2.94; 0.01; 0.41; 0.00; 0.00; 0.00; 0
195; 1.0000; 0.0000; 0.0000; 0.0000; 0.5063;      0;      0;      0; 98.73; 0.84; 26.66; 98.73; 0.84; 26.66; 0.9596; 0.0003; 0.0109; 0.0226; 0.0006; 0.0204; 56.36; 0.19; 6.14; 2.94; 0.01; 0.41; 0.00; 0.00; 0.00; 0
196; 1.0000; 0.0000; 0.0000; 0.0000; 0.5063;      0;      0;      0; 93.91; 0.92; 28.96; 93.91; 0.92; 28.96; 0.9593; 0.0003; 0.0109; 0.0226; 0.0007; 0.0206; 54.81; 0.20; 6.17; 2.94; 0.01; 0.41; 0.00; 0.00; 0.00; 0
197; 1.0000; 0.0000; 0.0000; 0.0000; 0.5063;      0;      0;      0; 92.23; 0.89; 28.01; 92.23; 0.89; 28.01; 0.9530; 0.0004; 0.0127; 0.0239; 0.0007; 0.0220; 42.24; 0.19; 6.12; 2.93; 0.01; 0.44; 0.00; 0.00; 0.00; 0
198; 1.0000; 0.0000; 0.0000; 0.0000; 0.5063; 0.0649; 0.0120; 0.3795; 99.23; 0.89; 28.01; 99.23; 0.89; 28.01; 0.9594; 0.0003; 0.0110; 0.0222; 0.0006; 0.0203; 56.24; 0.19; 6.12; 2.94; 0.01; 0.41; 0.00; 0.00; 0.00; 0
199; 1.0000; 0.0000; 0.0000; 0.0000; 0.5063;      0;      0;      0; 99.23; 0.89; 28.01; 99.23; 0.89; 28.01; 0.9594; 0.0003; 0.0110; 0.0222; 0.0006; 0.0203; 56.24; 0.19; 6.12; 2.94; 0.01; 0.41; 0.00; 0.00; 0.00; 0
200; 1.0000; 0.0000; 0.0000; 0.0000; 0.5063;      0;      0;      0; 94.37; 0.96; 30.38; 94.37; 0.96; 30.38; 0.9591; 0.0003; 0.0110; 0.0223; 0.0007; 0.0209; 54.64; 0.19; 6.10; 2.94; 0.01; 0.41; 0.00; 0.00; 0.00; 0
201; 1.0000; 0.0000; 0.0000; 0.0000; 0.5063;      0;      0;      0; 90.64; 0.81; 25.59; 90.64; 0.81; 25.59; 0.9529; 0.0004; 0.0129; 0.0246; 0.0007; 0.0217; 42.04; 0.20; 6.20; 2.93; 0.01; 0.45; 0.00; 0.00; 0.00; 0
202; 1.0000; 0.0000; 0.0000; 0.0000; 0.5063; 0.0514; 0.0124; 0.3920; 97.64; 0.81; 25.59; 97.64; 0.81; 25.59; 0.9594; 0.0004; 0.0112; 0.0227; 0.0006; 0.0201; 56.04; 0.20; 6.20; 2.94; 0.01; 0.42; 0.00; 0.00; 0.00; 0
203; 1.0000; 0.0000; 0.0000; 0.0000; 0.5063;      0;      0;      0; 97.64; 0.81; 25.59; 97.64; 0.81; 25.59; 0.9594; 0.0004; 0.0112; 0.0227; 0.0006; 0.0201; 56.04; 0.20; 6.20; 2.94; 0.01; 0.42; 0.00; 0.00; 0.00; 0
204; 1.0000; 0.0000; 0.0000; 0.0000; 0.5063;      0;      0;      0; 92.70; 0.88; 27.93; 92.70; 0.88; 27.93; 0.9591; 0.0004; 0.0112; 0.0229; 0.0006; 0.0205; 54.46; 0.20; 6.33; 2.94; 0.01; 0.42; 0.00; 0.00; 0.00; 0
205; 1.0000; 0.0000; 0.0000; 0.0000; 0.5063;      0;      0;      0; 91.05; 0.83; 26.12; 91.05; 0.83; 26.12; 0.9529; 0.0004; 0.0129; 0.0253; 0.0007; 0.0219; 42.09; 0.20; 6.18; 2.93; 0.01; 0.46; 0.00; 0.00; 0.00; 0
206; 1.0000; 0.0000; 0.0000; 0.0000; 0.5063; 0.0696; 0.0119; 0.3774; 98.05; 0.83; 26.12; 98.05; 0.83; 26.12; 0.9593; 0.0004; 0.0113; 0.0234; 0.0006; 0.0202; 56.09; 0.20; 6.18; 2.95; 0.01; 0.43; 0.00; 0.00; 0.00; 0
207; 1.0000; 0.0000; 0.0000; 0.0000; 0.5063;      0;      0;      0; 98.05; 0.83; 26.12; 98.05; 0.83; 26.12; 0.9593; 0.0004; 0.0113; 0.0234; 0.0006; 0.0202; 56.09; 0.20; 6.18; 2.95; 0.01; 0.43; 0.00; 0.00; 0.00; 0
208; 1.0000; 0.0000; 0.0000; 0.0000; 0.5063;      0;      0;      0; 93.18; 0.90; 28.32; 93.18; 0.90; 28.32; 0.9591; 0.0004; 0.0113; 0.0232; 0.0006; 0.0205; 54.55; 0.19; 6.16; 2.95; 0.01; 0.43; 0.00; 0.00; 0.00; 0
209; 1.0000; 0.0000; 0.0000; 0.0000; 0.5063;      0;      0;      0; 92.87; 0.86; 27.32; 92.87; 0.86; 27.32; 0.9531; 0.0004; 0.0123; 0.0245; 0.0007; 0.0215; 42.15; 0.19; 6.09; 2.93; 0.01; 0.47; 0.00; 0.00; 0.00; 0
210; 1.0000; 0.0000; 0.0000; 0.0000; 0.5063; 0.0794; 0.0121; 0.3819; 99.87; 0.86; 27.32; 99.87; 0.86; 27.32; 0.9595; 0.0003; 0.0108; 0.0226; 0.0006; 0.0198; 56.15; 0.19; 6.09; 2.95; 0.01; 0.43; 0.00; 0.00; 0.00; 0
211; 1.0000; 0.0000; 0.0000; 0.0000; 0.5063;      0;      0;      0; 99.87; 0.86; 27.32; 99.87; 0.86; 27.32; 0.9595; 0.0003; 0.0108; 0.0226; 0.0006; 0.0198; 56.15; 0.19; 6.09; 2.95; 0.01; 0.43; 0.00; 0.00; 0.00; 0
212; 1.0000; 0.0000; 0.0000; 0.0000; 0.5063;      0;      0;      0; 95.00; 0.94; 29.63; 95.00; 0.94; 29.63; 0.9591; 0.0003; 0.0107; 0.0225; 0.0006; 0.0202; 54.62; 0.19; 6.02; 2.95; 0.01; 0.44; 0.00; 0.00; 0.00; 0
213; 1.0000; 0.0000; 0.0000; 0.0000; 0.5063;      0;      0;      0; 90.80; 0.81; 25.73; 90.80; 0.81; 25.73; 0.9532; 0.0004; 0.0123; 0.0245; 0.0007; 0.0226; 42.16; 0.19; 5.99; 2.93; 0.01; 0.46; 0.00; 0.00; 0.00; 0
214; 1.0000; 0.0000; 0.0000; 0.0000; 0.5063; 0.0453; 0.0122; 0.3846; 97.80; 0.81; 25.73; 97.80; 0.81; 25.73; 0.9596; 0.0003; 0.0108; 0.0227; 0.0007; 0.0208; 56.16; 0.19; 5.99; 2.95; 0.01; 0.43; 0.00; 0.00; 0.00; 0
215; 1.0000; 0.0000; 0.0000; 0.0000; 0.5063;      0;      0;      0; 97.80; 0.81; 25.73; 97.80; 0.81; 25.73; 0.9596; 0.0003; 0.0108; 0.0227; 0.0007; 0.0208; 56.16; 0.19; 5.99; 2.95; 0.01; 0.43; 0.00; 0.00; 0.00; 0
216; 1.0000; 0.0000; 0.0000; 0.0000; 0.5063;      0;      0;      0; 92.86; 0.89; 28.14; 92.86; 0.89; 28.14; 0.9593; 0.0003; 0.0109; 0.0226; 0.0007; 0.0213; 54.51; 0.19; 6.01; 2.95; 0.01; 0.43; 0.00; 0.00; 0.00; 0
217; 1.0000; 0.0000; 0.0000; 0.0000; 0.5063;      0;      0;      0; 90.76; 0.81; 25.62; 90.76; 0.81; 25.62; 0.9532; 0.0004; 0.0126; 0.0247; 0.0007; 0.0222; 42.16; 0.20; 6.21; 2.94; 0.01; 0.47; 0.00; 0.00; 0.00; 0
218; 1.0000; 0.0000; 0.0000; 0.0000; 0.5063; 0.0640; 0.0121; 0.3828; 97.76; 0.81; 25.62; 97.76; 0.81; 25.62; 0.9596; 0.0003; 0.0109; 0.0228; 0.0006; 0.0204; 56.16; 0.20; 6.21; 2.95; 0.01; 0.43; 0.00; 0.00; 0.00; 0
219; 1.0000; 0.0000; 0.0000; 0.0000; 0.5063;      0;      0;      0; 97.76; 0.81; 25.62; 97.76; 0.81; 25.62; 0.9596; 0.0003; 0.0109; 0.0228; 0.0006; 0.0204; 56.16; 0.20; 6.21; 2.95; 0.01; 0.43; 0.00; 0.00; 0.00; 0
220; 1.0000; 0.0000; 0.0000; 0.0000; 0.5063;      0;      0;      0; 92.56; 0.89; 28.09; 92.56; 0.89; 28.09; 0.9593; 0.0003; 0.0109; 0.0226; 0.0007; 0.0209; 54.51; 0.20; 6.30; 2.95; 0.01; 0.44; 0.00; 0.00; 0.00; 0
221; 1.0000; 0.0000; 0.0000; 0.0000; 0.5063;      0;      0;      0; 91.44; 0.83; 26.22; 91.44; 0.83; 26.22; 0.9535; 0.0004; 0.0120; 0.0246; 0.0007; 0.0215; 42.49; 0.19; 6.15; 2.94; 0.01; 0.46; 0.00; 0.00; 0.00; 0
222; 1.0000; 0.0000; 0.0000; 0.0000; 0.5063; 0.0744; 0.0122; 0.3861; 98.44; 0.83; 26.22; 98.44; 0.83; 26.22; 0.9598; 0.0003; 0.0104; 0.0228; 0.0006; 0.0198; 56.49; 0.19; 6.15; 2.96; 0.01; 0.43; 0.00; 0.00; 0.00; 0
223; 1.0000; 0.0000; 0.0000; 0.0000; 0.5063;      0;      0;      0; 98.44; 0.83; 26.22; 98.44; 0.83; 26.22; 0.9598; 0.0003; 0.0104; 0.0228; 0.0006; 0.0198; 56.49; 0.19; 6.15; 2.96; 0.01; 0.43; 0.00; 0.00; 0.00; 0
224; 1.0000; 0.0000; 0.0000; 0.0000; 0.5063;      0;      0;      0; 93.47; 0.91; 28.64; 93.47; 0.91; 28.64; 0.9595; 0.0003; 0.0102; 0.0227; 0.0006; 0.0204; 54.83; 0.20; 6.19; 2.96; 0.01; 0.44; 0.00; 0.00; 0.00; 0
225; 1.0000; 0.0000; 0.0000; 0.0000; 0.5063;      0;      0;      0; 91.65; 0.85; 26.90; 91.65; 0.85; 26.90; 0.9538; 0.0004; 0.0116; 0.0232; 0.0006; 0.0204; 42.61; 0.20; 6.29; 2.94; 0.01; 0.46; 0.00; 0.00; 0.00; 0
226; 1.0000; 0.0000; 0.0000; 0.0000; 0.5063; 0.0656; 0.0123; 0.3884; 98.65; 0.85; 26.90; 98.65; 0.85; 26.90; 0.9601; 0.0003; 0.0101; 0.0215; 0.0006; 0.0189; 56.61; 0.20; 6.29; 2.96; 0.01; 0.43; 0.00; 0.00; 0.00; 0
227; 1.0000; 0.0000; 0.0000; 0.0000; 0.5063;      0;      0;      0; 98.65; 0.85; 26.90; 98.65; 0.85; 26.90; 0.9601; 0.0003; 0.0101; 0.0215; 0.0006; 0.0189; 56.61; 0.20; 6.29; 2.96; 0.01; 0.43; 0.00; 0.00; 0.00; 0
228; 1.0000; 0.0000; 0.0000; 0.0000; 0.5063;      0;      0;      0; 93.71; 0.93; 29.29; 93.71; 0.93; 29.29; 0.9599; 0.0003; 0.0099; 0.0213; 0.0006; 0.0195; 55.06; 0.20; 6.35; 2.95; 0.01; 0.43; 0.00; 0.00; 0.00; 0
229; 1.0000; 0.0000; 0.0000; 0.0000; 0.5063;      0;      0;      0; 91.51; 0.88; 27.72; 91.51; 0.88; 27.72; 0.9540; 0.0004; 0.0121; 0.0234; 0.0007; 0.0207; 42.79; 0.20; 6.20; 2.95; 0.01; 0.46; 0.00; 0.00; 0.00; 0
230; 1.0000; 0.0000; 0.0000; 0.0000; 0.5063; 0.0601; 0.0127; 0.4017; 98.51; 0.88; 27.72; 98.51; 0.88; 27.72; 0.9603; 0.0003; 0.0105; 0.0216; 0.0006; 0.0191; 56.79; 0.20; 6.20; 2.96; 0.01; 0.42; 0.00; 0.00; 0.00; 0
231; 1.0000; 0.0000; 0.0000; 0.0000; 0.5063;      0;      0;      0; 98.51; 0.88; 27.72; 98.51; 0.88; 27.72; 0.9603; 0.0003; 0.0105; 0.0216; 0.0006; 0.0191; 56.79; 0.20; 6.20; 2.96; 0.01; 0.42; 0.00; 0.00; 0.00; 0
232; 1.0000; 0.0000; 0.0000; 0.0000; 0.5063;      0;      0;      0; 93.36; 0.96; 30.27; 93.36; 0.96; 30.27; 0.9600; 0.0003; 0.0105; 0.0216; 0.0006; 0.0195; 55.13; 0.20; 6.26; 2.96; 0.01; 0.42; 0.00; 0.00; 0.00; 0
233; 1.0000; 0.0000; 0.0000; 0.0000; 0.5063;      0;      0;      0; 92.32; 0.86; 27.12; 92.32; 0.86; 27.12; 0.9539; 0.0004; 0.0124; 0.0243; 0.0007; 0.0207; 42.68; 0.20; 6.37; 2.95; 0.01; 0.46; 0.00; 0.00; 0.00; 0
234; 1.0000; 0.0000; 0.0000; 0.0000; 0.5063; 0.0798; 0.0127; 0.4029; 99.32; 0.86; 27.12; 99.32; 0.86; 27.12; 0.9602; 0.0003; 0.0107; 0.0224; 0.0006; 0.0191; 56.68; 0.20; 6.37; 2.97; 0.01; 0.43; 0.00; 0.00; 0.00; 0
235; 1.0000; 0.0000; 0.0000; 0.0000; 0.5063;      0;      0;      0; 99.32; 0.86; 27.12; 99.32; 0.86; 27.12; 0.9602; 0.0003; 0.0107; 0.0224; 0.0006; 0.0191; 56.68; 0.20; 6.37; 2.97; 0.01; 0.43; 0.00; 0.00; 0.00; 0
236; 1.0000; 0.0000; 0.0000; 0.0000; 0.5063;      0;      0;      0; 94.57; 0.93; 29.46; 94.57; 0.93; 29.46; 0.9599; 0.0003; 0.0106; 0.0223; 0.0006; 0.0195; 55.16; 0.20; 6.40; 2.97; 0.01; 0.43; 0.00; 0.00; 0.00; 0
237; 1.0000; 0.0000; 0.0000; 0.0000; 0.5063;      0;      0;      0; 93.33; 0.83; 26.33; 93.33; 0.83; 26.33; 0.9538; 0.0004; 0.0122; 0.0238; 0.0006; 0.0204; 42.35; 0.20; 6.20; 2.94; 0.01; 0.46; 0.00; 0.00; 0.00; 0
238; 1.0000; 0.0000; 0.0000; 0.0000; 0.5063; 0.0749; 0.0123; 0.3891; 100.33; 0.83; 26.33; 100.33; 0.83; 26.33; 0.9600; 0.0003; 0.0106; 0.0221; 0.0006; 0.0189; 56.35; 0.20; 6.20; 2.96; 0.01; 0.43; 0.00; 0.00; 0.00; 0
239; 1.0000; 0.0000; 0.0000; 0.0000; 0.5063;      0;      0;      0; 100.33; 0.83; 26.33; 100.33; 0.83; 26.33; 0.9600; 0.0003; 0.0106; 0.0221; 0.0006; 0.0189; 56.35; 0.20; 6.20; 2.96; 0.01; 0.43; 0.00; 0.00; 0.00; 0
240; 1.0000; 0.0000; 0.0000; 0.0000; 0.5063;      0;      0;      0; 95.63; 0.90; 28.55; 95.63; 0.90; 28.55; 0.9597; 0.0003; 0.0107; 0.0220; 0.0006; 0.0192; 54.91; 0.20; 6.22; 2.96; 0.01; 0.43; 0.00; 0.00; 0.00; 0
241; 1.0000; 0.0000; 0.0000; 0.0000; 0.5063;      0;      0;      0; 92.09; 0.81; 25.61; 92.09; 0.81; 25.61; 0.9535; 0.0004; 0.0126; 0.0238; 0.0007; 0.0210; 42.08; 0.19; 6.05; 2.94; 0.01; 0.46; 0.00; 0.00; 0.00; 0
242; 1.0000; 0.0000; 0.0000; 0.0000; 0.5063; 0.0486; 0.0118; 0.3732; 99.09; 0.81; 25.61; 99.09; 0.81; 25.61; 0.9598; 0.0003; 0.0110; 0.0220; 0.0006; 0.0193; 56.08; 0.19; 6.05; 2.96; 0.01; 0.43; 0.00; 0.00; 0.00; 0
243; 1.0000; 0.0000; 0.0000; 0.0000; 0.5063;      0;      0;      0; 99.09; 0.81; 25.61; 99.09; 0.81; 25.61; 0.9598; 0.0003; 0.0110; 0.0220; 0.0006; 0.0193; 56.08; 0.19; 6.05; 2.96; 0.01; 0.43; 0.00; 0.00; 0.00; 0
244; 1.0000; 0.0000; 0.0000; 0.0000; 0.5063;      0;      0;      0; 94.26; 0.88; 27.95; 94.26; 0.88; 27.95; 0.9596; 0.0003; 0.0109; 0.0221; 0.0006; 0.0200; 54.68; 0.19; 5.98; 2.96; 0.01; 0.43; 0.00; 0.00; 0.00; 0
245; 1.0000; 0.0000; 0.0000; 0.0000; 0.5063;      0;      0;      0; 92.20; 0.88; 27.89; 92.20; 0.88; 27.89; 0.9539; 0.0004; 0.0124; 0.0238; 0.0006; 0.0204; 42.34; 0.19; 6.15; 2.94; 0.01; 0.46; 0.00; 0.00; 0.00; 0
246; 1.0000; 0.0000; 0.0000; 0.0000; 0.5063; 0.0579; 0.0121; 0.3833; 99.20; 0.88; 27.89; 99.20; 0.88; 27.89; 0.9602; 0.0003; 0.0107; 0.0219; 0.0006; 0.0188; 56.34; 0.19; 6.15; 2.96; 0.01; 0.42; 0.00; 0.00; 0.00; 0
247; 1.0000; 0.0000; 0.0000; 0.0000; 0.5063;      0;      0;      0; 99.20; 0.88; 27.89; 99.20; 0.88; 27.89; 0.9602; 0.0003; 0.0107; 0.0219; 0.0006; 0.0188; 56.34; 0.19; 6.15; 2.96; 0.01; 0.42; 0.00; 0.00; 0.00; 0
248; 1.0000; 0.0000; 0.0000; 0.0000; 0.5063;      0;      0;      0; 94.21; 0.96; 30.40; 94.21; 0.96; 30.40; 0.9599; 0.0003; 0.0107; 0.0217; 0.0006; 0.0192; 54.69; 0.20; 6.17; 2.96; 0.01; 0.42; 0.00; 0.00; 0.00; 0
249; 1.0000; 0.0000; 0.0000; 0.0000; 0.5063;      0;      0;      0; 92.16; 0.84; 26.50; 92.16; 0.84; 26.50; 0.9539; 0.0004; 0.0125; 0.0233; 0.0007; 0.0213; 42.50; 0.20; 6.25; 2.95; 0.01; 0.45; 0.00; 0.00; 0.00; 0
250; 1.0000; 0.0000; 0.0000; 0.0000; 0.5063; 0.0690; 0.0125; 0.3965; 99.16; 0.84; 26.50; 99.16; 0.84; 26.50; 0.9601; 0.0003; 0.0109; 0.0215; 0.0006; 0.0197; 56.50; 0.20; 6.25; 2.96; 0.01; 0.41; 0.00; 0.00; 0.00; 0
251; 1.0000; 0.0000; 0.0000; 0.0000; 0.5063;      0;      0;      0; 99.16; 0.84; 26.50; 99.16; 0.84; 26.50; 0.9601; 0.0003; 0.0109; 0.0215; 0.0006; 0.0197; 56.50; 0.20; 6.25; 2.96; 0.01; 0.41; 0.00; 0.00; 0.00; 0
252; 1.0000; 0.0000; 0.0000; 0.0000; 0.5063;      0;      0;      0; 94.27; 0.91; 28.85; 94.27; 0.91; 28.85; 0.9598; 0.0003; 0.0109; 0.0215; 0.0006; 0.0203; 54.94; 0.20; 6.23; 2.96; 0.01; 0.42; 0.00; 0.00; 0.00; 0
253; 1.0000; 0.0000; 0.0000; 0.0000; 0.5063;      0;      0;      0; 92.86; 0.83; 26.15; 92.86; 0.83; 26.15; 0.9537; 0.0004; 0.0119; 0.0239; 0.0007; 0.0220; 42.33; 0.19; 6.15; 2.94; 0.01; 0.45; 0.00; 0.00; 0.00; 0
254; 1.0000; 0.0000; 0.0000; 0.0000; 0.5063; 0.0722; 0.0123; 0.3880; 99.86; 0.83; 26.15; 99.86; 0.83; 26.15; 0.9599; 0.0003; 0.0104; 0.0222; 0.0006; 0.0204; 56.33; 0.19; 6.15; 2.96; 0.01; 0.42; 0.00; 0.00; 0.00; 0
255; 1.0000; 0.0000; 0.0000; 0.0000; 0.5063;      0;      0;      0; 99.86; 0.83; 26.15; 99.86; 0.83; 26.15; 0.9599; 0.0003; 0.0104; 0.0222; 0.0006; 0.0204; 56.33; 0.19; 6.15; 2.96; 0.01; 0.42; 0.00; 0.00; 0.00; 0
256; 1.0000; 0.0000; 0.0000; 0.0000; 0.5063;      0;      0;      0; 95.01; 0.90; 28.53; 95.01; 0.90; 28.53; 0.9596; 0.0003; 0.0103; 0.0224; 0.0007; 0.0209; 54.75; 0.19; 6.14; 2.95; 0.01; 0.42; 0.00; 0.00; 0.00; 0
257; 1.0000; 0.0000; 0.0000; 0.0000; 0.5063;      0;      0;      0; 93.03; 0.84; 26.58; 93.03; 0.84; 26.58; 0.9531; 0.0004; 0.0121; 0.0241; 0.0007; 0.0215; 42.04; 0.20; 6.32; 2.93; 0.01; 0.46; 0.00; 0.00; 0.00; 0
258; 1.0000; 0.0000; 0.0000; 0.0000; 0.5063; 0.0641; 0.0122; 0.3867; 100.03; 0.84; 26.58; 100.03; 0.84; 26.58; 0.9594; 0.0003; 0.0105; 0.0223; 0.0006; 0.0198; 56.04; 0.20; 6.32; 2.94; 0.01; 0.43; 0.00; 0.00; 0.00; 0
259; 1.0000; 0.0000; 0.0000; 0.0000; 0.5063;      0;      0;      0; 100.03; 0.84; 26.58; 100.03; 0.84; 26.58; 0.9594; 0.0003; 0.0105; 0.0223; 0.0006; 0.0198; 56.04; 0.20; 6.32; 2.94; 0.01; 0.43; 0.00; 0.00; 0.00; 0
260; 1.0000; 0.0000; 0.0000; 0.0000; 0.5063;      0;      0;      0; 95.15; 0.92; 28.94; 95.15; 0.92; 28.94; 0.9591; 0.0003; 0.0105; 0.0223; 0.0006; 0.0201; 54.49; 0.20; 6.36; 2.94; 0.01; 0.43; 0.00; 0.00; 0.00; 0
261; 1.0000; 0.0000; 0.0000; 0.0000; 0.5063;      0;      0;      0; 91.79; 0.83; 26.23; 91.79; 0.83; 26.23; 0.9529; 0.0004; 0.0127; 0.0241; 0.0007; 0.0217; 41.90; 0.19; 6.04; 2.92; 0.01; 0.46; 0.00; 0.00; 0.00; 0
262; 1.0000; 0.0000; 0.0000; 0.0000; 0.5063; 0.0496; 0.0122; 0.3862; 98.79; 0.83; 26.23; 98.79; 0.83; 26.23; 0.9594; 0.0003; 0.0108; 0.0223; 0.0006; 0.0200; 55.90; 0.19; 6.04; 2.94; 0.01; 0.42; 0.00; 0.00; 0.00; 0
263; 1.0000; 0.0000; 0.0000; 0.0000; 0.5063;      0;      0;      0; 98.79; 0.83; 26.23; 98.79; 0.83; 26.23; 0.9594; 0.0003; 0.0108; 0.0223; 0.0006; 0.0200; 55.90; 0.19; 6.04; 2.94; 0.01; 0.42; 0.00; 0.00; 0.00; 0
264; 1.0000; 0.0000; 0.0000; 0.0000; 0.5063;      0;      0;      0; 93.69; 0.91; 28.73; 93.69; 0.91; 28.73; 0.9591; 0.0003; 0.0109; 0.0225; 0.0007; 0.0207; 54.29; 0.19; 6.06; 2.94; 0.01; 0.42; 0.00; 0.00; 0.00; 0
265; 1.0000; 0.0000; 0.0000; 0.0000; 0.5063;      0;      0;      0; 89.89; 0.79; 25.09; 89.89; 0.79; 25.09; 0.9531; 0.0004; 0.0123; 0.0244; 0.0007; 0.0209; 42.24; 0.19; 5.92; 2.91; 0.01; 0.45; 0.00; 0.00; 0.00; 0
266; 1.0000; 0.0000; 0.0000; 0.0000; 0.5063; 0.0493; 0.0120; 0.3806; 96.89; 0.79; 25.09; 96.89; 0.79; 25.09; 0.9596; 0.0003; 0.0108; 0.0226; 0.0006; 0.0193; 56.24; 0.19; 5.92; 2.93; 0.01; 0.42; 0.00; 0.00; 0.00; 0
267; 1.0000; 0.0000; 0.0000; 0.0000; 0.5063;      0;      0;      0; 96.89; 0.79; 25.09; 96.89; 0.79; 25.09; 0.9596; 0.0003; 0.0108; 0.0226; 0.0006; 0.0193; 56.24; 0.19; 5.92; 2.93; 0.01; 0.42; 0.00; 0.00; 0.00; 0
268; 1.0000; 0.0000; 0.0000; 0.0000; 0.5063;      0;      0;      0; 91.72; 0.87; 27.42; 91.72; 0.87; 27.42; 0.9592; 0.0003; 0.0109; 0.0227; 0.0006; 0.0199; 54.56; 0.19; 5.91; 2.93; 0.01; 0.42; 0.00; 0.00; 0.00; 0
269; 1.0000; 0.0000; 0.0000; 0.0000; 0.5063;      0;      0;      0; 94.37; 0.85; 26.88; 94.37; 0.85; 26.88; 0.9530; 0.0004; 0.0126; 0.0248; 0.0007; 0.0208; 42.47; 0.20; 6.19; 2.91; 0.01; 0.45; 0.00; 0.00; 0.00; 0
270; 1.0000; 0.0000; 0.0000; 0.0000; 0.5063; 0.1111; 0.0119; 0.3775; 101.37; 0.85; 26.88; 101.37; 0.85; 26.88; 0.9593; 0.0003; 0.0110; 0.0229; 0.0006; 0.0193; 56.47; 0.20; 6.19; 2.93; 0.01; 0.42; 0.00; 0.00; 0.00; 0
271; 1.0000; 0.0000; 0.0000; 0.0000; 0.5063;      0;      0;      0; 101.37; 0.85; 26.88; 101.37; 0.85; 26.88; 0.9593; 0.0003; 0.0110; 0.0229; 0.0006; 0.0193; 56.47; 0.20; 6.19; 2.93; 0.01; 0.42; 0.00; 0.00; 0.00; 0
272; 1.0000; 0.0000; 0.0000; 0.0000; 0.5063;      0;      0;      0; 96.74; 0.93; 29.34; 96.74; 0.93; 29.34; 0.9591; 0.0003; 0.0110; 0.0228; 0.0006; 0.0197; 55.07; 0.20; 6.21; 2.92; 0.01; 0.42; 0.00; 0.00; 0.00; 0
273; 1.0000; 0.0000; 0.0000; 0.0000; 0.5063;      0;      0;      0; 90.44; 0.79; 25.04; 90.44; 0.79; 25.04; 0.9529; 0.0004; 0.0127; 0.0246; 0.0007; 0.0218; 42.12; 0.19; 6.15; 2.91; 0.01; 0.44; 0.00; 0.00; 0.00; 0
274; 1.0000; 0.0000; 0.0000; 0.0000; 0.5063; 0.0218; 0.0119; 0.3758; 97.44; 0.79; 25.04; 97.44; 0.79; 25.04; 0.9594; 0.0003; 0.0109; 0.0227; 0.0006; 0.0200; 56.12; 0.19; 6.15; 2.93; 0.01; 0.41; 0.00; 0.00; 0.00; 0
275; 1.0000; 0.0000; 0.0000; 0.0000; 0.5063;      0;      0;      0; 97.44; 0.79; 25.04; 97.44; 0.79; 25.04; 0.9594; 0.0003; 0.0109; 0.0227; 0.0006; 0.0200; 56.12; 0.19; 6.15; 2.93; 0.01; 0.41; 0.00; 0.00; 0.00; 0
276; 1.0000; 0.0000; 0.0000; 0.0000; 0.5063;      0;      0;      0; 92.36; 0.87; 27.39; 92.36; 0.87; 27.39; 0.9590; 0.0003; 0.0109; 0.0227; 0.0007; 0.0206; 54.45; 0.20; 6.18; 2.93; 0.01; 0.41; 0.00; 0.00; 0.00; 0
277; 1.0000; 0.0000; 0.0000; 0.0000; 0.5063;      0;      0;      0; 91.59; 0.88; 27.98; 91.59; 0.88; 27.98; 0.9529; 0.0004; 0.0131; 0.0257; 0.0007; 0.0235; 42.44; 0.20; 6.24; 2.91; 0.01; 0.44; 0.00; 0.00; 0.00; 0
278; 1.0000; 0.0000; 0.0000; 0.0000; 0.5063; 0.0714; 0.0121; 0.3824; 98.59; 0.88; 27.98; 98.59; 0.88; 27.98; 0.9593; 0.0004; 0.0115; 0.0238; 0.0007; 0.0217; 56.44; 0.20; 6.24; 2.92; 0.01; 0.41; 0.00; 0.00; 0.00; 0
279; 1.0000; 0.0000; 0.0000; 0.0000; 0.5063;      0;      0;      0; 98.59; 0.88; 27.98; 98.59; 0.88; 27.98; 0.9593; 0.0004; 0.0115; 0.0238; 0.0007; 0.0217; 56.44; 0.20; 6.24; 2.92; 0.01; 0.41; 0.00; 0.00; 0.00; 0
280; 1.0000; 0.0000; 0.0000; 0.0000; 0.5063;      0;      0;      0; 93.58; 0.96; 30.42; 93.58; 0.96; 30.42; 0.9590; 0.0004; 0.0117; 0.0240; 0.0007; 0.0224; 54.82; 0.20; 6.31; 2.92; 0.01; 0.42; 0.00; 0.00; 0.00; 0
281; 1.0000; 0.0000; 0.0000; 0.0000; 0.5063;      0;      0;      0; 92.53; 0.83; 26.31; 92.53; 0.83; 26.31; 0.9531; 0.0004; 0.0130; 0.0256; 0.0007; 0.0230; 42.45; 0.20; 6.32; 2.91; 0.01; 0.44; 0.00; 0.00; 0.00; 0
282; 1.0000; 0.0000; 0.0000; 0.0000; 0.5063; 0.0795; 0.0126; 0.3983; 99.53; 0.83; 26.31; 99.53; 0.83; 26.31; 0.9594; 0.0004; 0.0113; 0.0237; 0.0007; 0.0212; 56.45; 0.20; 6.32; 2.93; 0.01; 0.41; 0.00; 0.00; 0.00; 0
283; 1.0000; 0.0000; 0.0000; 0.0000; 0.5063;      0;      0;      0; 99.53; 0.83; 26.31; 99.53; 0.83; 26.31; 0.9594; 0.0004; 0.0113; 0.0237; 0.0007; 0.0212; 56.45; 0.20; 6.32; 2.93; 0.01; 0.41; 0.00; 0.00; 0.00; 0
284; 1.0000; 0.0000; 0.0000; 0.0000; 0.5063;      0;      0;      0; 94.56; 0.91; 28.72; 94.56; 0.91; 28.72; 0.9591; 0.0004; 0.0113; 0.0237; 0.0007; 0.0216; 54.83; 0.20; 6.31; 2.92; 0.01; 0.41; 0.00; 0.00; 0.00; 0
285; 1.0000; 0.0000; 0.0000; 0.0000; 0.5063;      0;      0;      0; 92.55; 0.86; 27.04; 92.55; 0.86; 27.04; 0.9529; 0.0004; 0.0131; 0.0256; 0.0007; 0.0221; 42.19; 0.20; 6.31; 2.91; 0.01; 0.43; 0.00; 0.00; 0.00; 0
286; 1.0000; 0.0000; 0.0000; 0.0000; 0.5063; 0.0637; 0.0124; 0.3925; 99.55; 0.86; 27.04; 99.55; 0.86; 27.04; 0.9593; 0.0004; 0.0114; 0.0237; 0.0006; 0.0204; 56.19; 0.20; 6.31; 2.93; 0.01; 0.40; 0.00; 0.00; 0.00; 0
287; 1.0000; 0.0000; 0.0000; 0.0000; 0.5063;      0;      0;      0; 99.55; 0.86; 27.04; 99.55; 0.86; 27.04; 0.9593; 0.0004; 0.0114; 0.0237; 0.0006; 0.0204; 56.19; 0.20; 6.31; 2.93; 0.01; 0.40; 0.00; 0.00; 0.00; 0
288; 1.0000; 0.0000; 0.0000; 0.0000; 0.5063;      0;      0;      0; 94.80; 0.93; 29.42; 94.80; 0.93; 29.42; 0.9589; 0.0004; 0.0114; 0.0236; 0.0007; 0.0211; 54.60; 0.20; 6.27; 2.93; 0.01; 0.40; 0.00; 0.00; 0.00; 0
289; 1.0000; 0.0000; 0.0000; 0.0000; 0.5063;      0;      0;      0; 92.17; 0.85; 26.94; 92.17; 0.85; 26.94; 0.9531; 0.0004; 0.0125; 0.0254; 0.0007; 0.0214; 42.06; 0.20; 6.34; 2.91; 0.01; 0.44; 0.00; 0.00; 0.00; 0
290; 1.0000; 0.0000; 0.0000; 0.0000; 0.5063; 0.0584; 0.0124; 0.3929; 99.17; 0.85; 26.94; 99.17; 0.85; 26.94; 0.9594; 0.0003; 0.0109; 0.0235; 0.0006; 0.0198; 56.06; 0.20; 6.34; 2.93; 0.01; 0.41; 0.00; 0.00; 0.00; 0
291; 1.0000; 0.0000; 0.0000; 0.0000; 0.5063;      0;      0;      0; 99.17; 0.85; 26.94; 99.17; 0.85; 26.94; 0.9594; 0.0003; 0.0109; 0.0235; 0.0006; 0.0198; 56.06; 0.20; 6.34; 2.93; 0.01; 0.41; 0.00; 0.00; 0.00; 0
292; 1.0000; 0.0000; 0.0000; 0.0000; 0.5063;      0;      0;      0; 94.41; 0.93; 29.27; 94.41; 0.93; 29.27; 0.9592; 0.0003; 0.0108; 0.0234; 0.0006; 0.0203; 54.61; 0.20; 6.36; 2.93; 0.01; 0.41; 0.00; 0.00; 0.00; 0
293; 1.0000; 0.0000; 0.0000; 0.0000; 0.5063;      0;      0;      0; 91.22; 0.85; 26.99; 91.22; 0.85; 26.99; 0.9533; 0.0004; 0.0123; 0.0245; 0.0007; 0.0215; 42.24; 0.20; 6.33; 2.92; 0.01; 0.45; 0.00; 0.00; 0.00; 0
294; 1.0000; 0.0000; 0.0000; 0.0000; 0.5063; 0.0504; 0.0123; 0.3880; 98.22; 0.85; 26.99; 98.22; 0.85; 26.99; 0.9597; 0.0003; 0.0107; 0.0226; 0.0006; 0.0198; 56.24; 0.20; 6.33; 2.94; 0.01; 0.42; 0.00; 0.00; 0.00; 0
295; 1.0000; 0.0000; 0.0000; 0.0000; 0.5063;      0;      0;      0; 98.22; 0.85; 26.99; 98.22; 0.85; 26.99; 0.9597; 0.0003; 0.0107; 0.0226; 0.0006; 0.0198; 56.24; 0.20; 6.33; 2.94; 0.01; 0.42; 0.00; 0.00; 0.00; 0
296; 1.0000; 0.0000; 0.0000; 0.0000; 0.5063;      0;      0;      0; 93.23; 0.93; 29.44; 93.23; 0.93; 29.44; 0.9594; 0.0003; 0.0107; 0.0227; 0.0007; 0.0206; 54.57; 0.20; 6.30; 2.94; 0.01; 0.42; 0.00; 0.00; 0.00; 0
297; 1.0000; 0.0000; 0.0000; 0.0000; 0.5063;      0;      0;      0; 91.71; 0.86; 27.20; 91.71; 0.86; 27.20; 0.9537; 0.0004; 0.0122; 0.0244; 0.0007; 0.0208; 42.54; 0.20; 6.22; 2.92; 0.01; 0.45; 0.00; 0.00; 0.00; 0
298; 1.0000; 0.0000; 0.0000; 0.0000; 0.5063; 0.0722; 0.0125; 0.3966; 98.71; 0.86; 27.20; 98.71; 0.86; 27.20; 0.9600; 0.0003; 0.0105; 0.0226; 0.0006; 0.0192; 56.54; 0.20; 6.22; 2.94; 0.01; 0.42; 0.00; 0.00; 0.00; 0
299; 1.0000; 0.0000; 0.0000; 0.0000; 0.5063;      0;      0;      0; 98.71; 0.86; 27.20; 98.71; 0.86; 27.20; 0.9600; 0.0003; 0.0105; 0.0226; 0.0006; 0.0192; 56.54; 0.20; 6.22; 2.94; 0.01; 0.42; 0.00; 0.00; 0.00; 0
300; 1.0000; 0.0000; 0.0000; 0.0000; 0.5063;      0;      0;      0; 93.71; 0.94; 29.63; 93.71; 0.94; 29.63; 0.9596; 0.0003; 0.0106; 0.0225; 0.0006; 0.0198; 54.94; 0.20; 6.33; 2.94; 0.01; 0.42; 0.00; 0.00; 0.00; 0
301; 1.0000; 0.0000; 0.0000; 0.0000; 0.5063;      0;      0;      0; 90.18; 0.86; 27.15; 90.18; 0.86; 27.15; 0.9535; 0.0004; 0.0121; 0.0243; 0.0007; 0.0214; 42.36; 0.19; 5.98; 2.93; 0.01; 0.45; 0.00; 0.00; 0.00; 0
302; 1.0000; 0.0000; 0.0000; 0.0000; 0.5063; 0.0497; 0.0125; 0.3948; 97.18; 0.86; 27.15; 97.18; 0.86; 27.15; 0.9600; 0.0003; 0.0105; 0.0224; 0.0006; 0.0197; 56.36; 0.19; 5.98; 2.95; 0.01; 0.42; 0.00; 0.00; 0.00; 0
303; 1.0000; 0.0000; 0.0000; 0.0000; 0.5063;      0;      0;      0; 97.18; 0.86; 27.15; 97.18; 0.86; 27.15; 0.9600; 0.0003; 0.0105; 0.0224; 0.0006; 0.0197; 56.36; 0.19; 5.98; 2.95; 0.01; 0.42; 0.00; 0.00; 0.00; 0
304; 1.0000; 0.0000; 0.0000; 0.0000; 0.5063;      0;      0;      0; 92.09; 0.93; 29.52; 92.09; 0.93; 29.52; 0.9597; 0.0003; 0.0105; 0.0225; 0.0007; 0.0206; 54.72; 0.19; 6.04; 2.95; 0.01; 0.42; 0.00; 0.00; 0.00; 0
305; 1.0000; 0.0000; 0.0000; 0.0000; 0.5063;      0;      0;      0; 90.70; 0.83; 26.39; 90.70; 0.83; 26.39; 0.9536; 0.0004; 0.0124; 0.0251; 0.0007; 0.0223; 42.58; 0.19; 6.00; 2.93; 0.01; 0.45; 0.00; 0.00; 0.00; 0
306; 1.0000; 0.0000; 0.0000; 0.0000; 0.5063; 0.0752; 0.0125; 0.3950; 97.70; 0.83; 26.39; 97.70; 0.83; 26.39; 0.9599; 0.0003; 0.0107; 0.0232; 0.0006; 0.0205; 56.58; 0.19; 6.00; 2.95; 0.01; 0.42; 0.00; 0.00; 0.00; 0
307; 1.0000; 0.0000; 0.0000; 0.0000; 0.5063;      0;      0;      0; 97.70; 0.83; 26.39; 97.70; 0.83; 26.39; 0.9599; 0.0003; 0.0107; 0.0232; 0.0006; 0.0205; 56.58; 0.19; 6.00; 2.95; 0.01; 0.42; 0.00; 0.00; 0.00; 0
308; 1.0000; 0.0000; 0.0000; 0.0000; 0.5063;      0;      0;      0; 92.75; 0.91; 28.77; 92.75; 0.91; 28.77; 0.9597; 0.0003; 0.0105; 0.0232; 0.0007; 0.0209; 55.03; 0.19; 5.96; 2.94; 0.01; 0.42; 0.00; 0.00; 0.00; 0
309; 1.0000; 0.0000; 0.0000; 0.0000; 0.5063;      0;      0;      0; 92.45; 0.81; 25.56; 92.45; 0.81; 25.56; 0.9540; 0.0004; 0.0118; 0.0242; 0.0007; 0.0214; 42.73; 0.19; 6.02; 2.93; 0.01; 0.43; 0.00; 0.00; 0.00; 0
310; 1.0000; 0.0000; 0.0000; 0.0000; 0.5063; 0.0859; 0.0119; 0.3775; 99.45; 0.81; 25.56; 99.45; 0.81; 25.56; 0.9602; 0.0003; 0.0102; 0.0223; 0.0006; 0.0197; 56.73; 0.19; 6.02; 2.94; 0.01; 0.40; 0.00; 0.00; 0.00; 0
311; 1.0000; 0.0000; 0.0000; 0.0000; 0.5063;      0;      0;      0; 99.45; 0.81; 25.56; 99.45; 0.81; 25.56; 0.9602; 0.0003; 0.0102; 0.0223; 0.0006; 0.0197; 56.73; 0.19; 6.02; 2.94; 0.01; 0.40; 0.00; 0.00; 0.00; 0
312; 1.0000; 0.0000; 0.0000; 0.0000; 0.5063;      0;      0;      0; 94.64; 0.88; 27.90; 94.64; 0.88; 27.90; 0.9599; 0.0003; 0.0104; 0.0223; 0.0006; 0.0202; 55.23; 0.19; 6.02; 2.94; 0.01; 0.40; 0.00; 0.00; 0.00; 0
313; 1.0000; 0.0000; 0.0000; 0.0000; 0.5063;      0;      0;      0; 92.81; 0.86; 27.33; 92.81; 0.86; 27.33; 0.9536; 0.0004; 0.0118; 0.0237; 0.0007; 0.0214; 42.52; 0.19; 6.09; 2.93; 0.01; 0.43; 0.00; 0.00; 0.00; 0
314; 1.0000; 0.0000; 0.0000; 0.0000; 0.5063; 0.0615; 0.0120; 0.3794; 99.81; 0.86; 27.33; 99.81; 0.86; 27.33; 0.9599; 0.0003; 0.0104; 0.0219; 0.0006; 0.0197; 56.52; 0.19; 6.09; 2.94; 0.01; 0.40; 0.00; 0.00; 0.00; 0
315; 1.0000; 0.0000; 0.0000; 0.0000; 0.5063;      0;      0;      0; 99.81; 0.86; 27.33; 99.81; 0.86; 27.33; 0.9599; 0.0003; 0.0104; 0.0219; 0.0006; 0.0197; 56.52; 0.19; 6.09; 2.94; 0.01; 0.40; 0.00; 0.00; 0.00; 0
316; 1.0000; 0.0000; 0.0000; 0.0000; 0.5063;      0;      0;      0; 94.91; 0.94; 29.81; 94.91; 0.94; 29.81; 0.9596; 0.0003; 0.0104; 0.0219; 0.0006; 0.0198; 54.97; 0.19; 6.06; 2.94; 0.01; 0.40; 0.00; 0.00; 0.00; 0
317; 1.0000; 0.0000; 0.0000; 0.0000; 0.5063;      0;      0;      0; 91.78; 0.83; 26.18; 91.78; 0.83; 26.18; 0.9531; 0.0004; 0.0124; 0.0244; 0.0007; 0.0209; 42.16; 0.20; 6.23; 2.92; 0.01; 0.43; 0.00; 0.00; 0.00; 0
318; 1.0000; 0.0000; 0.0000; 0.0000; 0.5063; 0.0552; 0.0120; 0.3783; 98.78; 0.83; 26.18; 98.78; 0.83; 26.18; 0.9595; 0.0003; 0.0109; 0.0225; 0.0006; 0.0193; 56.16; 0.20; 6.23; 2.94; 0.01; 0.40; 0.00; 0.00; 0.00; 0
319; 1.0000; 0.0000; 0.0000; 0.0000; 0.5063;      0;      0;      0; 98.78; 0.83; 26.18; 98.78; 0.83; 26.18; 0.9595; 0.0003; 0.0109; 0.0225; 0.0006; 0.0193; 56.16; 0.20; 6.23; 2.94; 0.01; 0.40; 0.00; 0.00; 0.00; 0
320; 1.0000; 0.0000; 0.0000; 0.0000; 0.5063;      0;      0;      0; 93.77; 0.90; 28.50; 93.77; 0.90; 28.50; 0.9591; 0.0003; 0.0109; 0.0226; 0.0006; 0.0198; 54.58; 0.20; 6.20; 2.94; 0.01; 0.40; 0.00; 0.00; 0.00; 0
321; 1.0000; 0.0000; 0.0000; 0.0000; 0.5063;      0;      0;      0; 91.85; 0.84; 26.42; 91.85; 0.84; 26.42; 0.9531; 0.0004; 0.0126; 0.0252; 0.0007; 0.0206; 42.28; 0.20; 6.35; 2.93; 0.01; 0.44; 0.00; 0.00; 0.00; 0
322; 1.0000; 0.0000; 0.0000; 0.0000; 0.5063; 0.0649; 0.0122; 0.3845; 98.85; 0.84; 26.42; 98.85; 0.84; 26.42; 0.9594; 0.0004; 0.0111; 0.0234; 0.0006; 0.0191; 56.28; 0.20; 6.35; 2.95; 0.01; 0.41; 0.00; 0.00; 0.00; 0
323; 1.0000; 0.0000; 0.0000; 0.0000; 0.5063;      0;      0;      0; 98.85; 0.84; 26.42; 98.85; 0.84; 26.42; 0.9594; 0.0004; 0.0111; 0.0234; 0.0006; 0.0191; 56.28; 0.20; 6.35; 2.95; 0.01; 0.41; 0.00; 0.00; 0.00; 0
324; 1.0000; 0.0000; 0.0000; 0.0000; 0.5063;      0;      0;      0; 93.96; 0.91; 28.66; 93.96; 0.91; 28.66; 0.9591; 0.0004; 0.0112; 0.0232; 0.0006; 0.0197; 54.69; 0.20; 6.30; 2.95; 0.01; 0.41; 0.00; 0.00; 0.00; 0
325; 1.0000; 0.0000; 0.0000; 0.0000; 0.5063;      0;      0;      0; 90.52; 0.82; 26.03; 90.52; 0.82; 26.03; 0.9531; 0.0004; 0.0127; 0.0248; 0.0007; 0.0207; 42.25; 0.20; 6.28; 2.93; 0.01; 0.43; 0.00; 0.00; 0.00; 0
326; 1.0000; 0.0000; 0.0000; 0.0000; 0.5063; 0.0500; 0.0124; 0.3910; 97.52; 0.82; 26.03; 97.52; 0.82; 26.03; 0.9595; 0.0003; 0.0109; 0.0229; 0.0006; 0.0191; 56.25; 0.20; 6.28; 2.94; 0.01; 0.40; 0.00; 0.00; 0.00; 0
327; 1.0000; 0.0000; 0.0000; 0.0000; 0.5063;      0;      0;      0; 97.52; 0.82; 26.03; 97.52; 0.82; 26.03; 0.9595; 0.0003; 0.0109; 0.0229; 0.0006; 0.0191; 56.25; 0.20; 6.28; 2.94; 0.01; 0.40; 0.00; 0.00; 0.00; 0
328; 1.0000; 0.0000; 0.0000; 0.0000; 0.5063;      0;      0;      0; 92.50; 0.90; 28.47; 92.50; 0.90; 28.47; 0.9592; 0.0003; 0.0110; 0.0231; 0.0006; 0.0197; 54.63; 0.20; 6.48; 2.95; 0.01; 0.40; 0.00; 0.00; 0.00; 0
329; 1.0000; 0.0000; 0.0000; 0.0000; 0.5063;      0;      0;      0; 90.62; 0.80; 25.24; 90.62; 0.80; 25.24; 0.9532; 0.0004; 0.0125; 0.0244; 0.0007; 0.0211; 42.55; 0.19; 6.14; 2.92; 0.01; 0.43; 0.00; 0.00; 0.00; 0
330; 1.0000; 0.0000; 0.0000; 0.0000; 0.5063; 0.0699; 0.0119; 0.3771; 97.62; 0.80; 25.24; 97.62; 0.80; 25.24; 0.9596; 0.0003; 0.0109; 0.0225; 0.0006; 0.0195; 56.55; 0.19; 6.14; 2.94; 0.01; 0.40; 0.00; 0.00; 0.00; 0
331; 1.0000; 0.0000; 0.0000; 0.0000; 0.5063;      0;      0;      0; 97.62; 0.80; 25.24; 97.62; 0.80; 25.24; 0.9596; 0.0003; 0.0109; 0.0225; 0.0006; 0.0195; 56.55; 0.19; 6.14; 2.94; 0.01; 0.40; 0.00; 0.00; 0.00; 0
332; 1.0000; 0.0000; 0.0000; 0.0000; 0.5063;      0;      0;      0; 92.45; 0.87; 27.60; 92.45; 0.87; 27.60; 0.9593; 0.0003; 0.0110; 0.0224; 0.0006; 0.0198; 54.93; 0.20; 6.21; 2.94; 0.01; 0.40; 0.00; 0.00; 0.00; 0
333; 1.0000; 0.0000; 0.0000; 0.0000; 0.5063;      0;      0;      0; 92.31; 0.84; 26.59; 92.31; 0.84; 26.59; 0.9534; 0.0004; 0.0129; 0.0245; 0.0007; 0.0215; 42.59; 0.20; 6.32; 2.93; 0.01; 0.43; 0.00; 0.00; 0.00; 0
334; 1.0000; 0.0000; 0.0000; 0.0000; 0.5063; 0.0822; 0.0117; 0.3713; 99.31; 0.84; 26.59; 99.31; 0.84; 26.59; 0.9597; 0.0004; 0.0112; 0.0226; 0.0006; 0.0199; 56.59; 0.20; 6.32; 2.94; 0.01; 0.40; 0.00; 0.00; 0.00; 0
335; 1.0000; 0.0000; 0.0000; 0.0000; 0.5063;      0;      0;      0; 99.31; 0.84; 26.59; 99.31; 0.84; 26.59; 0.9597; 0.0004; 0.0112; 0.0226; 0.0006; 0.0199; 56.59; 0.20; 6.32; 2.94; 0.01; 0.40; 0.00; 0.00; 0.00; 0
336; 1.0000; 0.0000; 0.0000; 0.0000; 0.5063;      0;      0;      0; 94.36; 0.92; 28.98; 94.36; 0.92; 28.98; 0.9595; 0.0004; 0.0112; 0.0227; 0.0006; 0.0203; 55.02; 0.20; 6.22; 2.95; 0.01; 0.40; 0.00; 0.00; 0.00; 0
337; 1.0000; 0.0000; 0.0000; 0.0000; 0.5063;      0;      0;      0; 91.45; 0.85; 26.94; 91.45; 0.85; 26.94; 0.9536; 0.0004; 0.0130; 0.0243; 0.0007; 0.0217; 42.63; 0.20; 6.37; 2.94; 0.01; 0.43; 0.00; 0.00; 0.00; 0
338; 1.0000; 0.0000; 0.0000; 0.0000; 0.5063; 0.0531; 0.0124; 0.3915; 98.45; 0.85; 26.94; 98.45; 0.85; 26.94; 0.9599; 0.0004; 0.0114; 0.0224; 0.0006; 0.0200; 56.63; 0.20; 6.37; 2.96; 0.01; 0.40; 0.00; 0.00; 0.00; 0
339; 1.0000; 0.0000; 0.0000; 0.0000; 0.5063;      0;      0;      0; 98.45; 0.85; 26.94; 98.45; 0.85; 26.94; 0.9599; 0.0004; 0.0114; 0.0224; 0.0006; 0.0200; 56.63; 0.20; 6.37; 2.96; 0.01; 0.40; 0.00; 0.00; 0.00; 0
340; 1.0000; 0.0000; 0.0000; 0.0000; 0.5063;      0;      0;      0; 93.64; 0.93; 29.27; 93.64; 0.93; 29.27; 0.9596; 0.0004; 0.0114; 0.0224; 0.0007; 0.0207; 55.00; 0.20; 6.34; 2.96; 0.01; 0.40; 0.00; 0.00; 0.00; 0
341; 1.0000; 0.0000; 0.0000; 0.0000; 0.5063;      0;      0;      0; 91.10; 0.84; 26.60; 91.10; 0.84; 26.60; 0.9537; 0.0004; 0.0129; 0.0234; 0.0007; 0.0207; 42.61; 0.20; 6.37; 2.95; 0.01; 0.43; 0.00; 0.00; 0.00; 0
342; 1.0000; 0.0000; 0.0000; 0.0000; 0.5063; 0.0608; 0.0123; 0.3886; 98.10; 0.84; 26.60; 98.10; 0.84; 26.60; 0.9600; 0.0004; 0.0112; 0.0216; 0.0006; 0.0191; 56.61; 0.20; 6.37; 2.97; 0.01; 0.40; 0.00; 0.00; 0.00; 0
343; 1.0000; 0.0000; 0.0000; 0.0000; 0.5063;      0;      0;      0; 98.10; 0.84; 26.60; 98.10; 0.84; 26.60; 0.9600; 0.0004; 0.0112; 0.0216; 0.0006; 0.0191; 56.61; 0.20; 6.37; 2.97; 0.01; 0.40; 0.00; 0.00; 0.00; 0
344; 1.0000; 0.0000; 0.0000; 0.0000; 0.5063;      0;      0;      0; 93.15; 0.92; 28.96; 93.15; 0.92; 28.96; 0.9598; 0.0004; 0.0112; 0.0216; 0.0006; 0.0199; 55.03; 0.21; 6.49; 2.97; 0.01; 0.40; 0.00; 0.00; 0.00; 0
345; 1.0000; 0.0000; 0.0000; 0.0000; 0.5063;      0;      0;      0; 94.23; 0.85; 26.94; 94.23; 0.85; 26.94; 0.9537; 0.0004; 0.0124; 0.0237; 0.0007; 0.0209; 42.77; 0.20; 6.30; 2.95; 0.01; 0.42; 0.00; 0.00; 0.00; 0
346; 1.0000; 0.0000; 0.0000; 0.0000; 0.5063; 0.0973; 0.0123; 0.3891; 101.23; 0.85; 26.94; 101.23; 0.85; 26.94; 0.9599; 0.0003; 0.0106; 0.0219; 0.0006; 0.0193; 56.77; 0.20; 6.30; 2.96; 0.01; 0.40; 0.00; 0.00; 0.00; 0
347; 1.0000; 0.0000; 0.0000; 0.0000; 0.5063;      0;      0;      0; 101.23; 0.85; 26.94; 101.23; 0.85; 26.94; 0.9599; 0.0003; 0.0106; 0.0219; 0.0006; 0.0193; 56.77; 0.20; 6.30; 2.96; 0.01; 0.40; 0.00; 0.00; 0.00; 0
348; 1.0000; 0.0000; 0.0000; 0.0000; 0.5063;      0;      0;      0; 96.24; 0.93; 29.38; 96.24; 0.93; 29.38; 0.9596; 0.0003; 0.0106; 0.0220; 0.0006; 0.0196; 55.17; 0.20; 6.39; 2.96; 0.01; 0.40; 0.00; 0.00; 0.00; 0
349; 1.0000; 0.0000; 0.0000; 0.0000; 0.5063;      0;      0;      0; 92.55; 0.83; 26.22; 92.55; 0.83; 26.22; 0.9532; 0.0004; 0.0120; 0.0236; 0.0007; 0.0207; 42.26; 0.19; 5.99; 2.94; 0.01; 0.43; 0.00; 0.00; 0.00; 0
350; 1.0000; 0.0000; 0.0000; 0.0000; 0.5063; 0.0474; 0.0124; 0.3920; 99.55; 0.83; 26.22; 99.55; 0.83; 26.22; 0.9596; 0.0003; 0.0104; 0.0218; 0.0006; 0.0191; 56.26; 0.19; 5.99; 2.95; 0.01; 0.40; 0.00; 0.00; 0.00; 0
351; 1.0000; 0.0000; 0.0000; 0.0000; 0.5063;      0;      0;      0; 99.55; 0.83; 26.22; 99.55; 0.83; 26.22; 0.9596; 0.0003; 0.0104; 0.0218; 0.0006; 0.0191; 56.26; 0.19; 5.99; 2.95; 0.01; 0.40; 0.00; 0.00; 0.00; 0
352; 1.0000; 0.0000; 0.0000; 0.0000; 0.5063;      0;      0;      0; 94.65; 0.90; 28.59; 94.65; 0.90; 28.59; 0.9593; 0.0003; 0.0104; 0.0217; 0.0006; 0.0193; 54.73; 0.19; 6.12; 2.95; 0.01; 0.40; 0.00; 0.00; 0.00; 0
353; 1.0000; 0.0000; 0.0000; 0.0000; 0.5063;      0;      0;      0; 91.48; 0.82; 25.79; 91.48; 0.82; 25.79; 0.9533; 0.0004; 0.0119; 0.0235; 0.0007; 0.0211; 41.98; 0.19; 5.97; 2.93; 0.01; 0.43; 0.00; 0.00; 0.00; 0
354; 1.0000; 0.0000; 0.0000; 0.0000; 0.5063; 0.0525; 0.0119; 0.3765; 98.48; 0.82; 25.79; 98.48; 0.82; 25.79; 0.9597; 0.0003; 0.0104; 0.0217; 0.0006; 0.0194; 55.98; 0.19; 5.97; 2.95; 0.01; 0.39; 0.00; 0.00; 0.00; 0
355; 1.0000; 0.0000; 0.0000; 0.0000; 0.5063;      0;      0;      0; 98.48; 0.82; 25.79; 98.48; 0.82; 25.79; 0.9597; 0.0003; 0.0104; 0.0217; 0.0006; 0.0194; 55.98; 0.19; 5.97; 2.95; 0.01; 0.39; 0.00; 0.00; 0.00; 0
356; 1.0000; 0.0000; 0.0000; 0.0000; 0.5063;      0;      0;      0; 93.47; 0.89; 28.21; 93.47; 0.89; 28.21; 0.9594; 0.0003; 0.0104; 0.0216; 0.0006; 0.0198; 54.37; 0.19; 6.08; 2.95; 0.01; 0.40; 0.00; 0.00; 0.00; 0
357; 1.0000; 0.0000; 0.0000; 0.0000; 0.5063;      0;      0;      0; 92.06; 0.88; 27.95; 92.06; 0.88; 27.95; 0.9534; 0.0004; 0.0125; 0.0239; 0.0007; 0.0209; 42.27; 0.19; 6.03; 2.94; 0.01; 0.42; 0.00; 0.00; 0.00; 0
358; 1.0000; 0.0000; 0.0000; 0.0000; 0.5063; 0.0664; 0.0125; 0.3948; 99.06; 0.88; 27.95; 99.06; 0.88; 27.95; 0.9598; 0.0003; 0.0109; 0.0221; 0.0006; 0.0193; 56.27; 0.19; 6.03; 2.95; 0.01; 0.39; 0.00; 0.00; 0.00; 0
359; 1.0000; 0.0000; 0.0000; 0.0000; 0.5063;      0;      0;      0; 99.06; 0.88; 27.95; 99.06; 0.88; 27.95; 0.9598; 0.0003; 0.0109; 0.0221; 0.0006; 0.0193; 56.27; 0.19; 6.03; 2.95; 0.01; 0.39; 0.00; 0.00; 0.00; 0
360; 1.0000; 0.0000; 0.0000; 0.0000; 0.5063;      0;      0;      0; 94.08; 0.96; 30.42; 94.08; 0.96; 30.42; 0.9595; 0.0003; 0.0109; 0.0222; 0.0006; 0.0196; 54.67; 0.19; 6.13; 2.95; 0.01; 0.39; 0.00; 0.00; 0.00; 0
361; 1.0000; 0.0000; 0.0000; 0.0000; 0.5063;      0;      0;      0; 92.22; 0.83; 26.39; 92.22; 0.83; 26.39; 0.9533; 0.0004; 0.0127; 0.0238; 0.0007; 0.0213; 42.20; 0.20; 6.24; 2.94; 0.01; 0.42; 0.00; 0.00; 0.00; 0
362; 1.0000; 0.0000; 0.0000; 0.0000; 0.5063; 0.0713; 0.0119; 0.3758; 99.22; 0.83; 26.39; 99.22; 0.83; 26.39; 0.9596; 0.0004; 0.0111; 0.0220; 0.0006; 0.0197; 56.20; 0.20; 6.24; 2.96; 0.01; 0.39; 0.00; 0.00; 0.00; 0
363; 1.0000; 0.0000; 0.0000; 0.0000; 0.5063;      0;      0;      0; 99.22; 0.83; 26.39; 99.22; 0.83; 26.39; 0.9596; 0.0004; 0.0111; 0.0220; 0.0006; 0.0197; 56.20; 0.20; 6.24; 2.96; 0.01; 0.39; 0.00; 0.00; 0.00; 0
364; 1.0000; 0.0000; 0.0000; 0.0000; 0.5063;      0;      0;      0; 94.46; 0.90; 28.57; 94.46; 0.90; 28.57; 0.9594; 0.0003; 0.0110; 0.0220; 0.0006; 0.0201; 54.66; 0.19; 6.15; 2.96; 0.01; 0.40; 0.00; 0.00; 0.00; 0
365; 1.0000; 0.0000; 0.0000; 0.0000; 0.5063;      0;      0;      0; 91.75; 0.85; 26.99; 91.75; 0.85; 26.99; 0.9528; 0.0004; 0.0136; 0.0250; 0.0007; 0.0229; 42.26; 0.20; 6.26; 2.94; 0.01; 0.43; 0.00; 0.00; 0.00; 0
366; 1.0000; 0.0000; 0.0000; 0.0000; 0.5063; 0.0542; 0.0119; 0.3778; 98.75; 0.85; 26.99; 98.75; 0.85; 26.99; 0.9593; 0.0004; 0.0116; 0.0231; 0.0007; 0.0211; 56.26; 0.20; 6.26; 2.95; 0.01; 0.40; 0.00; 0.00; 0.00; 0
367; 1.0000; 0.0000; 0.0000; 0.0000; 0.5063;      0;      0;      0; 98.75; 0.85; 26.99; 98.75; 0.85; 26.99; 0.9593; 0.0004; 0.0116; 0.0231; 0.0007; 0.0211; 56.26; 0.20; 6.26; 2.95; 0.01; 0.40; 0.00; 0.00; 0.00; 0
368; 1.0000; 0.0000; 0.0000; 0.0000; 0.5063;      0;      0;      0; 93.67; 0.93; 29.53; 93.67; 0.93; 29.53; 0.9589; 0.0004; 0.0117; 0.0233; 0.0007; 0.0215; 54.55; 0.20; 6.30; 2.95; 0.01; 0.40; 0.00; 0.00; 0.00; 0
369; 1.0000; 0.0000; 0.0000; 0.0000; 0.5063;      0;      0;      0; 91.07; 0.83; 26.28; 91.07; 0.83; 26.28; 0.9529; 0.0004; 0.0132; 0.0260; 0.0007; 0.0226; 42.29; 0.20; 6.35; 2.93; 0.01; 0.43; 0.00; 0.00; 0.00; 0
370; 1.0000; 0.0000; 0.0000; 0.0000; 0.5063; 0.0625; 0.0125; 0.3940; 98.07; 0.83; 26.28; 98.07; 0.83; 26.28; 0.9594; 0.0004; 0.0114; 0.0240; 0.0007; 0.0209; 56.29; 0.20; 6.35; 2.95; 0.01; 0.39; 0.00; 0.00; 0.00; 0
371; 1.0000; 0.0000; 0.0000; 0.0000; 0.5063;      0;      0;      0; 98.07; 0.83; 26.28; 98.07; 0.83; 26.28; 0.9594; 0.0004; 0.0114; 0.0240; 0.0007; 0.0209; 56.29; 0.20; 6.35; 2.95; 0.01; 0.39; 0.00; 0.00; 0.00; 0
372; 1.0000; 0.0000; 0.0000; 0.0000; 0.5063;      0;      0;      0; 93.10; 0.91; 28.71; 93.10; 0.91; 28.71; 0.9590; 0.0004; 0.0115; 0.0241; 0.0007; 0.0216; 54.65; 0.20; 6.36; 2.95; 0.01; 0.40; 0.00; 0.00; 0.00; 0
373; 1.0000; 0.0000; 0.0000; 0.0000; 0.5063;      0;      0;      0; 91.82; 0.85; 26.77; 91.82; 0.85; 26.77; 0.9530; 0.0004; 0.0130; 0.0256; 0.0007; 0.0234; 42.24; 0.19; 6.07; 2.93; 0.01; 0.42; 0.00; 0.00; 0.00; 0
374; 1.0000; 0.0000; 0.0000; 0.0000; 0.5063; 0.0721; 0.0123; 0.3890; 98.82; 0.85; 26.77; 98.82; 0.85; 26.77; 0.9594; 0.0004; 0.0113; 0.0237; 0.0007; 0.0216; 56.24; 0.19; 6.07; 2.95; 0.01; 0.39; 0.00; 0.00; 0.00; 0
375; 1.0000; 0.0000; 0.0000; 0.0000; 0.5063;      0;      0;      0; 98.82; 0.85; 26.77; 98.82; 0.85; 26.77; 0.9594; 0.0004; 0.0113; 0.0237; 0.0007; 0.0216; 56.24; 0.19; 6.07; 2.95; 0.01; 0.39; 0.00; 0.00; 0.00; 0
376; 1.0000; 0.0000; 0.0000; 0.0000; 0.5063;      0;      0;      0; 93.90; 0.92; 29.11; 93.90; 0.92; 29.11; 0.9591; 0.0004; 0.0114; 0.0235; 0.0007; 0.0217; 54.70; 0.19; 6.11; 2.95; 0.01; 0.39; 0.00; 0.00; 0.00; 0
377; 1.0000; 0.0000; 0.0000; 0.0000; 0.5063;      0;      0;      0; 92.93; 0.89; 28.14; 92.93; 0.89; 28.14; 0.9528; 0.0004; 0.0131; 0.0250; 0.0007; 0.0211; 42.43; 0.20; 6.19; 2.94; 0.01; 0.41; 0.00; 0.00; 0.00; 0
378; 1.0000; 0.0000; 0.0000; 0.0000; 0.5063; 0.0712; 0.0123; 0.3888; 99.93; 0.89; 28.14; 99.93; 0.89; 28.14; 0.9592; 0.0004; 0.0114; 0.0231; 0.0006; 0.0195; 56.43; 0.20; 6.19; 2.95; 0.01; 0.38; 0.00; 0.00; 0.00; 0
379; 1.0000; 0.0000; 0.0000; 0.0000; 0.5063;      0;      0;      0; 99.93; 0.89; 28.14; 99.93; 0.89; 28.14; 0.9592; 0.0004; 0.0114; 0.0231; 0.0006; 0.0195; 56.43; 0.20; 6.19; 2.95; 0.01; 0.38; 0.00; 0.00; 0.00; 0
380; 1.0000; 0.0000; 0.0000; 0.0000; 0.5063;      0;      0;      0; 95.01; 0.97; 30.77; 95.01; 0.97; 30.77; 0.9589; 0.0004; 0.0114; 0.0231; 0.0006; 0.0201; 54.83; 0.20; 6.28; 2.95; 0.01; 0.39; 0.00; 0.00; 0.00; 0
381; 1.0000; 0.0000; 0.0000; 0.0000; 0.5063;      0;      0;      0; 91.32; 0.86; 27.08; 91.32; 0.86; 27.08; 0.9530; 0.0004; 0.0127; 0.0241; 0.0006; 0.0201; 42.27; 0.20; 6.30; 2.94; 0.01; 0.41; 0.00; 0.00; 0.00; 0
382; 1.0000; 0.0000; 0.0000; 0.0000; 0.5063; 0.0508; 0.0128; 0.4058; 98.32; 0.86; 27.08; 98.32; 0.86; 27.08; 0.9595; 0.0003; 0.0110; 0.0223; 0.0006; 0.0185; 56.27; 0.20; 6.30; 2.95; 0.01; 0.39; 0.00; 0.00; 0.00; 0
383; 1.0000; 0.0000; 0.0000; 0.0000; 0.5063;      0;      0;      0; 98.32; 0.86; 27.08; 98.32; 0.86; 27.08; 0.9595; 0.0003; 0.0110; 0.0223; 0.0006; 0.0185; 56.27; 0.20; 6.30; 2.95; 0.01; 0.39; 0.00; 0.00; 0.00; 0
384; 1.0000; 0.0000; 0.0000; 0.0000; 0.5063;      0;      0;      0; 93.26; 0.93; 29.47; 93.26; 0.93; 29.47; 0.9591; 0.0003; 0.0108; 0.0222; 0.0006; 0.0186; 54.58; 0.20; 6.27; 2.95; 0.01; 0.39; 0.00; 0.00; 0.00; 0
385; 1.0000; 0.0000; 0.0000; 0.0000; 0.5063;      0;      0;      0; 92.87; 0.84; 26.55; 92.87; 0.84; 26.55; 0.9533; 0.0004; 0.0122; 0.0251; 0.0007; 0.0208; 42.27; 0.19; 6.12; 2.94; 0.01; 0.42; 0.00; 0.00; 0.00; 0
386; 1.0000; 0.0000; 0.0000; 0.0000; 0.5063; 0.0852; 0.0126; 0.3982; 99.87; 0.84; 26.55; 99.87; 0.84; 26.55; 0.9596; 0.0003; 0.0107; 0.0232; 0.0006; 0.0192; 56.27; 0.19; 6.12; 2.95; 0.01; 0.39; 0.00; 0.00; 0.00; 0
387; 1.0000; 0.0000; 0.0000; 0.0000; 0.5063;      0;      0;      0; 99.87; 0.84; 26.55; 99.87; 0.84; 26.55; 0.9596; 0.0003; 0.0107; 0.0232; 0.0006; 0.0192; 56.27; 0.19; 6.12; 2.95; 0.01; 0.39; 0.00; 0.00; 0.00; 0
388; 1.0000; 0.0000; 0.0000; 0.0000; 0.5063;      0;      0;      0; 95.08; 0.91; 28.89; 95.08; 0.91; 28.89; 0.9593; 0.0003; 0.0107; 0.0232; 0.0006; 0.0195; 54.69; 0.20; 6.21; 2.95; 0.01; 0.39; 0.00; 0.00; 0.00; 0
389; 1.0000; 0.0000; 0.0000; 0.0000; 0.5063;      0;      0;      0; 92.06; 0.84; 26.55; 92.06; 0.84; 26.55; 0.9531; 0.0004; 0.0123; 0.0245; 0.0007; 0.0208; 42.14; 0.19; 6.11; 2.93; 0.01; 0.43; 0.00; 0.00; 0.00; 0
390; 1.0000; 0.0000; 0.0000; 0.0000; 0.5063; 0.0534; 0.0125; 0.3952; 99.06; 0.84; 26.55; 99.06; 0.84; 26.55; 0.9595; 0.0003; 0.0107; 0.0227; 0.0006; 0.0192; 56.14; 0.19; 6.11; 2.95; 0.01; 0.40; 0.00; 0.00; 0.00; 0
391; 1.0000; 0.0000; 0.0000; 0.0000; 0.5063;      0;      0;      0; 99.06; 0.84; 26.55; 99.06; 0.84; 26.55; 0.9595; 0.0003; 0.0107; 0.0227; 0.0006; 0.0192; 56.14; 0.19; 6.11; 2.95; 0.01; 0.40; 0.00; 0.00; 0.00; 0
392; 1.0000; 0.0000; 0.0000; 0.0000; 0.5063;      0;      0;      0; 94.07; 0.91; 28.89; 94.07; 0.91; 28.89; 0.9592; 0.0003; 0.0107; 0.0225; 0.0006; 0.0197; 54.56; 0.20; 6.26; 2.95; 0.01; 0.40; 0.00; 0.00; 0.00; 0
393; 1.0000; 0.0000; 0.0000; 0.0000; 0.5063;      0;      0;      0; 91.48; 0.85; 26.72; 91.48; 0.85; 26.72; 0.9534; 0.0004; 0.0122; 0.0243; 0.0007; 0.0211; 42.01; 0.19; 6.15; 2.93; 0.01; 0.43; 0.00; 0.00; 0.00; 0
394; 1.0000; 0.0000; 0.0000; 0.0000; 0.5063; 0.0578; 0.0125; 0.3960; 98.48; 0.85; 26.72; 98.48; 0.85; 26.72; 0.9598; 0.0003; 0.0106; 0.0225; 0.0006; 0.0195; 56.01; 0.19; 6.15; 2.95; 0.01; 0.40; 0.00; 0.00; 0.00; 0
395; 1.0000; 0.0000; 0.0000; 0.0000; 0.5063;      0;      0;      0; 98.48; 0.85; 26.72; 98.48; 0.85; 26.72; 0.9598; 0.0003; 0.0106; 0.0225; 0.0006; 0.0195; 56.01; 0.19; 6.15; 2.95; 0.01; 0.40; 0.00; 0.00; 0.00; 0
396; 1.0000; 0.0000; 0.0000; 0.0000; 0.5063;      0;      0;      0; 93.54; 0.92; 29.16; 93.54; 0.92; 29.16; 0.9595; 0.0003; 0.0106; 0.0222; 0.0006; 0.0199; 54.42; 0.19; 5.98; 2.95; 0.01; 0.40; 0.00; 0.00; 0.00; 0
397; 1.0000; 0.0000; 0.0000; 0.0000; 0.5063;      0;      0;      0; 90.78; 0.85; 26.93; 90.78; 0.85; 26.93; 0.9538; 0.0004; 0.0121; 0.0239; 0.0007; 0.0206; 42.29; 0.20; 6.32; 2.94; 0.01; 0.43; 0.00; 0.00; 0.00; 0
398; 1.0000; 0.0000; 0.0000; 0.0000; 0.5063; 0.0565; 0.0123; 0.3905; 97.78; 0.85; 26.93; 97.78; 0.85; 26.93; 0.9602; 0.0003; 0.0106; 0.0221; 0.0006; 0.0189; 56.29; 0.20; 6.32; 2.95; 0.01; 0.40; 0.00; 0.00; 0.00; 0
399; 1.0000; 0.0000; 0.0000; 0.0000; 0.5063;      0;      0;      0; 97.78; 0.85; 26.93; 97.78; 0.85; 26.93; 0.9602; 0.0003; 0.0106; 0.0221; 0.0006; 0.0189; 56.29; 0.20; 6.32; 2.95; 0.01; 0.40; 0.00; 0.00; 0.00; 0
400; 1.0000; 0.0000; 0.0000; 0.0000; 0.5063;      0;      0;      0; 92.81; 0.93; 29.48; 92.81; 0.93; 29.48; 0.9599; 0.0003; 0.0104; 0.0220; 0.0006; 0.0191; 54.69; 0.20; 6.39; 2.95; 0.01; 0.40; 0.00; 0.00; 0.00; 0
