    Year (Census)
    Proportion of populations extant, SE
    Proportion of populations going extinct for the first time in year, SE
    Deterministic growth, Stochastic growth, SE, SD
    Mean population size (across extant populations), SE, SD
    Mean population size (across all populations), SE, SD
    Mean gene diversity (expected heterozygosity), SE, SD
    Mean inbreeding coefficient, SE, SD
    Mean number of alleles, SE, SD
    Mean number of lethal alleles, SE, SD
    Mean time to extinction, SE, SD
    Median time to extinction
Year;PExtant;SE(PExtant);PExtinct;SE(PExtinct);det-r;stoch-r;SE(r);SD(r);N-extant;SE(N-extant);SD(N-extant);N-all;SE(N-all);SD(N-all);GeneDiv;SE(GD);SD(GD);Inbreed;SE(Inbr);SD(Inbr);nAlleles;SE(nAlleles);SD(nAlleles);nLethals;SE(nLethals);SD(nLethals);TE;SE(TE);SD(TE);medianTE
No intervention
Population 1: MFWS
0; 1.0000; 0.0000; 0.0000; 0.0000; 0.5063;      0;      0;      0; 47.00; 0.00; 0.00; 47.00; 0.00; 0.00; 0.9894; 0.0000; 0.0000; 0.0000; 0.0000; 0.0000; 94.00; 0.00; 0.00; 3.13; 0.01; 0.22; 0.00; 0.00; 0.00; 0
1; 1.0000; 0.0000; 0.0000; 0.0000; 0.5063;      0;      0;      0; 85.66; 0.70; 21.99; 85.66; 0.70; 21.99; 0.9856; 0.0000; 0.0012; 0.0000; 0.0000; 0.0000; 90.00; 0.00; 0.00; 3.13; 0.01; 0.26; 0.00; 0.00; 0.00; 0
2; 1.0000; 0.0000; 0.0000; 0.0000; 0.5063; 0.5659; 0.0084; 0.2665; 85.66; 0.70; 21.99; 85.66; 0.70; 21.99; 0.9856; 0.0000; 0.0012; 0.0000; 0.0000; 0.0000; 90.00; 0.00; 0.00; 3.13; 0.01; 0.26; 0.00; 0.00; 0.00; 0
3; 1.0000; 0.0000; 0.0000; 0.0000; 0.5063;      0;      0;      0; 85.66; 0.70; 21.99; 85.66; 0.70; 21.99; 0.9856; 0.0000; 0.0012; 0.0000; 0.0000; 0.0000; 90.00; 0.00; 0.00; 3.13; 0.01; 0.26; 0.00; 0.00; 0.00; 0
4; 1.0000; 0.0000; 0.0000; 0.0000; 0.5063;      0;      0;      0; 81.20; 0.77; 24.40; 81.20; 0.77; 24.40; 0.9847; 0.0000; 0.0009; 0.0000; 0.0000; 0.0000; 84.53; 0.18; 5.58; 3.13; 0.01; 0.27; 0.00; 0.00; 0.00; 0
5; 1.0000; 0.0000; 0.0000; 0.0000; 0.5063;      0;      0;      0; 91.87; 0.87; 27.38; 91.87; 0.87; 27.38; 0.9778; 0.0001; 0.0031; 0.0022; 0.0002; 0.0053; 65.79; 0.19; 6.10; 3.12; 0.01; 0.33; 0.00; 0.00; 0.00; 0
6; 1.0000; 0.0000; 0.0000; 0.0000; 0.5063; 0.1269; 0.0124; 0.3911; 91.87; 0.87; 27.38; 91.87; 0.87; 27.38; 0.9778; 0.0001; 0.0031; 0.0022; 0.0002; 0.0053; 65.79; 0.19; 6.10; 3.12; 0.01; 0.33; 0.00; 0.00; 0.00; 0
7; 1.0000; 0.0000; 0.0000; 0.0000; 0.5063;      0;      0;      0; 91.87; 0.87; 27.38; 91.87; 0.87; 27.38; 0.9778; 0.0001; 0.0031; 0.0022; 0.0002; 0.0053; 65.79; 0.19; 6.10; 3.12; 0.01; 0.33; 0.00; 0.00; 0.00; 0
8; 1.0000; 0.0000; 0.0000; 0.0000; 0.5063;      0;      0;      0; 86.87; 0.94; 29.75; 86.87; 0.94; 29.75; 0.9769; 0.0001; 0.0031; 0.0023; 0.0002; 0.0056; 63.00; 0.21; 6.59; 3.11; 0.01; 0.33; 0.00; 0.00; 0.00; 0
9; 1.0000; 0.0000; 0.0000; 0.0000; 0.5063;      0;      0;      0; 91.80; 0.88; 27.82; 91.80; 0.88; 27.82; 0.9686; 0.0001; 0.0045; 0.0067; 0.0003; 0.0096; 50.78; 0.16; 5.12; 3.09; 0.01; 0.37; 0.00; 0.00; 0.00; 0
10; 1.0000; 0.0000; 0.0000; 0.0000; 0.5063; 0.0709; 0.0132; 0.4171; 91.80; 0.88; 27.82; 91.80; 0.88; 27.82; 0.9686; 0.0001; 0.0045; 0.0067; 0.0003; 0.0096; 50.78; 0.16; 5.12; 3.09; 0.01; 0.37; 0.00; 0.00; 0.00; 0
11; 1.0000; 0.0000; 0.0000; 0.0000; 0.5063;      0;      0;      0; 91.80; 0.88; 27.82; 91.80; 0.88; 27.82; 0.9686; 0.0001; 0.0045; 0.0067; 0.0003; 0.0096; 50.78; 0.16; 5.12; 3.09; 0.01; 0.37; 0.00; 0.00; 0.00; 0
12; 1.0000; 0.0000; 0.0000; 0.0000; 0.5063;      0;      0;      0; 86.97; 0.95; 29.94; 86.97; 0.95; 29.94; 0.9677; 0.0001; 0.0044; 0.0069; 0.0003; 0.0100; 48.97; 0.17; 5.26; 3.09; 0.01; 0.37; 0.00; 0.00; 0.00; 0
13; 0.9980; 0.0014; 0.0020; 0.0014; 0.5063;      0;      0;      0; 87.02; 0.87; 27.47; 86.85; 0.88; 27.72; 0.9563; 0.0003; 0.0085; 0.0141; 0.0005; 0.0154; 37.38; 0.14; 4.43; 3.06; 0.01; 0.44; 4.00; 0.00; 0.00; 0
14; 0.9980; 0.0014; 0.0000; 0.0000; 0.5063; 0.0055; 0.0126; 0.3970; 87.02; 0.87; 27.47; 86.85; 0.88; 27.72; 0.9563; 0.0003; 0.0085; 0.0141; 0.0005; 0.0154; 37.38; 0.14; 4.43; 3.06; 0.01; 0.44; 4.00; 0.00; 0.00; 0
15; 0.9980; 0.0014; 0.0000; 0.0000; 0.5063;      0;      0;      0; 87.02; 0.87; 27.47; 86.85; 0.88; 27.72; 0.9563; 0.0003; 0.0085; 0.0141; 0.0005; 0.0154; 37.38; 0.14; 4.43; 3.06; 0.01; 0.44; 4.00; 0.00; 0.00; 0
16; 0.9980; 0.0014; 0.0000; 0.0000; 0.5063;      0;      0;      0; 82.20; 0.93; 29.40; 82.04; 0.94; 29.60; 0.9554; 0.0003; 0.0088; 0.0144; 0.0005; 0.0161; 36.44; 0.14; 4.58; 3.07; 0.01; 0.45; 4.00; 0.00; 0.00; 0
17; 0.9940; 0.0024; 0.0040; 0.0020; 0.5063;      0;      0;      0; 85.80; 0.85; 26.89; 85.30; 0.87; 27.59; 0.9464; 0.0004; 0.0122; 0.0221; 0.0006; 0.0193; 31.10; 0.13; 4.20; 3.03; 0.02; 0.49; 4.67; 0.21; 0.52; 0
18; 0.9940; 0.0024; 0.0000; 0.0000; 0.5063; 0.0523; 0.0124; 0.3917; 85.80; 0.85; 26.89; 85.30; 0.87; 27.59; 0.9464; 0.0004; 0.0122; 0.0221; 0.0006; 0.0193; 31.10; 0.13; 4.20; 3.03; 0.02; 0.49; 4.67; 0.21; 0.52; 0
19; 0.9940; 0.0024; 0.0000; 0.0000; 0.5063;      0;      0;      0; 85.80; 0.85; 26.89; 85.30; 0.87; 27.59; 0.9464; 0.0004; 0.0122; 0.0221; 0.0006; 0.0193; 31.10; 0.13; 4.20; 3.03; 0.02; 0.49; 4.67; 0.21; 0.52; 0
20; 0.9940; 0.0024; 0.0000; 0.0000; 0.5063;      0;      0;      0; 80.89; 0.91; 28.76; 80.41; 0.93; 29.32; 0.9454; 0.0004; 0.0124; 0.0222; 0.0006; 0.0201; 30.42; 0.13; 4.24; 3.03; 0.02; 0.50; 4.67; 0.21; 0.52; 0
21; 0.9910; 0.0030; 0.0030; 0.0017; 0.5063;      0;      0;      0; 86.05; 0.89; 28.00; 85.28; 0.92; 29.01; 0.9360; 0.0005; 0.0160; 0.0319; 0.0008; 0.0243; 26.54; 0.12; 3.89; 2.99; 0.02; 0.54; 5.11; 0.26; 0.78; 0
22; 0.9910; 0.0030; 0.0000; 0.0000; 0.5063; 0.0687; 0.0116; 0.3646; 86.05; 0.89; 28.00; 85.28; 0.92; 29.01; 0.9360; 0.0005; 0.0160; 0.0319; 0.0008; 0.0243; 26.54; 0.12; 3.89; 2.99; 0.02; 0.54; 5.11; 0.26; 0.78; 0
23; 0.9910; 0.0030; 0.0000; 0.0000; 0.5063;      0;      0;      0; 86.05; 0.89; 28.00; 85.28; 0.92; 29.01; 0.9360; 0.0005; 0.0160; 0.0319; 0.0008; 0.0243; 26.54; 0.12; 3.89; 2.99; 0.02; 0.54; 5.11; 0.26; 0.78; 0
24; 0.9910; 0.0030; 0.0000; 0.0000; 0.5063;      0;      0;      0; 81.58; 0.94; 29.59; 80.85; 0.96; 30.43; 0.9352; 0.0005; 0.0164; 0.0321; 0.0008; 0.0254; 26.06; 0.12; 3.87; 2.99; 0.02; 0.55; 5.11; 0.26; 0.78; 0
25; 0.9840; 0.0040; 0.0070; 0.0026; 0.5063;      0;      0;      0; 84.59; 0.85; 26.70; 83.25; 0.90; 28.51; 0.9253; 0.0006; 0.0195; 0.0424; 0.0009; 0.0296; 23.01; 0.11; 3.59; 2.93; 0.02; 0.58; 5.94; 0.28; 1.12; 0
26; 0.9840; 0.0040; 0.0000; 0.0000; 0.5063; 0.0421; 0.0123; 0.3846; 84.59; 0.85; 26.70; 83.25; 0.90; 28.51; 0.9253; 0.0006; 0.0195; 0.0424; 0.0009; 0.0296; 23.01; 0.11; 3.59; 2.93; 0.02; 0.58; 5.94; 0.28; 1.12; 0
27; 0.9840; 0.0040; 0.0000; 0.0000; 0.5063;      0;      0;      0; 84.59; 0.85; 26.70; 83.25; 0.90; 28.51; 0.9253; 0.0006; 0.0195; 0.0424; 0.0009; 0.0296; 23.01; 0.11; 3.59; 2.93; 0.02; 0.58; 5.94; 0.28; 1.12; 0
28; 0.9840; 0.0040; 0.0000; 0.0000; 0.5063;      0;      0;      0; 79.89; 0.91; 28.47; 78.62; 0.95; 29.95; 0.9244; 0.0006; 0.0196; 0.0424; 0.0010; 0.0302; 22.64; 0.11; 3.58; 2.93; 0.02; 0.58; 5.94; 0.28; 1.12; 0
29; 0.9770; 0.0047; 0.0070; 0.0026; 0.5063;      0;      0;      0; 81.61; 0.80; 24.86; 79.75; 0.87; 27.41; 0.9152; 0.0007; 0.0213; 0.0524; 0.0011; 0.0337; 20.44; 0.10; 3.23; 2.88; 0.02; 0.60; 6.57; 0.28; 1.34; 0
30; 0.9770; 0.0047; 0.0000; 0.0000; 0.5063; 0.0308; 0.0121; 0.3783; 81.61; 0.80; 24.86; 79.75; 0.87; 27.41; 0.9152; 0.0007; 0.0213; 0.0524; 0.0011; 0.0337; 20.44; 0.10; 3.23; 2.88; 0.02; 0.60; 6.57; 0.28; 1.34; 0
31; 0.9770; 0.0047; 0.0000; 0.0000; 0.5063;      0;      0;      0; 81.61; 0.80; 24.86; 79.75; 0.87; 27.41; 0.9152; 0.0007; 0.0213; 0.0524; 0.0011; 0.0337; 20.44; 0.10; 3.23; 2.88; 0.02; 0.60; 6.57; 0.28; 1.34; 0
32; 0.9770; 0.0047; 0.0000; 0.0000; 0.5063;      0;      0;      0; 76.93; 0.85; 26.59; 75.18; 0.91; 28.67; 0.9143; 0.0007; 0.0214; 0.0532; 0.0011; 0.0349; 20.13; 0.10; 3.21; 2.88; 0.02; 0.60; 6.57; 0.28; 1.34; 0
33; 0.9740; 0.0050; 0.0030; 0.0017; 0.5063;      0;      0;      0; 80.52; 0.82; 25.73; 78.43; 0.90; 28.43; 0.9048; 0.0008; 0.0241; 0.0609; 0.0011; 0.0350; 18.26; 0.10; 3.05; 2.81; 0.02; 0.62; 6.85; 0.29; 1.49; 0
34; 0.9740; 0.0050; 0.0000; 0.0000; 0.5063; 0.0480; 0.0113; 0.3522; 80.52; 0.82; 25.73; 78.43; 0.90; 28.43; 0.9048; 0.0008; 0.0241; 0.0609; 0.0011; 0.0350; 18.26; 0.10; 3.05; 2.81; 0.02; 0.62; 6.85; 0.29; 1.49; 0
35; 0.9740; 0.0050; 0.0000; 0.0000; 0.5063;      0;      0;      0; 80.52; 0.82; 25.73; 78.43; 0.90; 28.43; 0.9048; 0.0008; 0.0241; 0.0609; 0.0011; 0.0350; 18.26; 0.10; 3.05; 2.81; 0.02; 0.62; 6.85; 0.29; 1.49; 0
36; 0.9740; 0.0050; 0.0000; 0.0000; 0.5063;      0;      0;      0; 75.79; 0.88; 27.35; 73.83; 0.93; 29.55; 0.9039; 0.0008; 0.0242; 0.0616; 0.0012; 0.0363; 18.04; 0.10; 3.04; 2.80; 0.02; 0.62; 6.85; 0.29; 1.49; 0
37; 0.9670; 0.0056; 0.0070; 0.0026; 0.5063;      0;      0;      0; 80.61; 0.86; 26.72; 77.96; 0.95; 29.94; 0.8945; 0.0009; 0.0267; 0.0728; 0.0013; 0.0403; 16.58; 0.09; 2.83; 2.72; 0.02; 0.65; 7.52; 0.32; 1.86; 0
38; 0.9670; 0.0056; 0.0000; 0.0000; 0.5063; 0.0595; 0.0112; 0.3479; 80.61; 0.86; 26.72; 77.96; 0.95; 29.94; 0.8945; 0.0009; 0.0267; 0.0728; 0.0013; 0.0403; 16.58; 0.09; 2.83; 2.72; 0.02; 0.65; 7.52; 0.32; 1.86; 0
39; 0.9670; 0.0056; 0.0000; 0.0000; 0.5063;      0;      0;      0; 80.61; 0.86; 26.72; 77.96; 0.95; 29.94; 0.8945; 0.0009; 0.0267; 0.0728; 0.0013; 0.0403; 16.58; 0.09; 2.83; 2.72; 0.02; 0.65; 7.52; 0.32; 1.86; 0
40; 0.9670; 0.0056; 0.0000; 0.0000; 0.5063;      0;      0;      0; 76.07; 0.91; 28.31; 73.57; 0.98; 30.95; 0.8935; 0.0009; 0.0272; 0.0734; 0.0013; 0.0414; 16.35; 0.09; 2.85; 2.72; 0.02; 0.65; 7.52; 0.32; 1.86; 0
41; 0.9590; 0.0063; 0.0080; 0.0028; 0.5063;      0;      0;      0; 78.36; 0.83; 25.63; 75.16; 0.93; 29.49; 0.8833; 0.0010; 0.0305; 0.0835; 0.0014; 0.0443; 15.08; 0.09; 2.69; 2.65; 0.02; 0.66; 8.20; 0.34; 2.17; 0
42; 0.9590; 0.0063; 0.0000; 0.0000; 0.5063; 0.0322; 0.0114; 0.3515; 78.36; 0.83; 25.63; 75.16; 0.93; 29.49; 0.8833; 0.0010; 0.0305; 0.0835; 0.0014; 0.0443; 15.08; 0.09; 2.69; 2.65; 0.02; 0.66; 8.20; 0.34; 2.17; 0
43; 0.9590; 0.0063; 0.0000; 0.0000; 0.5063;      0;      0;      0; 78.36; 0.83; 25.63; 75.16; 0.93; 29.49; 0.8833; 0.0010; 0.0305; 0.0835; 0.0014; 0.0443; 15.08; 0.09; 2.69; 2.65; 0.02; 0.66; 8.20; 0.34; 2.17; 0
44; 0.9590; 0.0063; 0.0000; 0.0000; 0.5063;      0;      0;      0; 73.85; 0.87; 27.03; 70.84; 0.96; 30.22; 0.8824; 0.0010; 0.0308; 0.0835; 0.0015; 0.0450; 14.91; 0.09; 2.70; 2.65; 0.02; 0.67; 8.20; 0.34; 2.17; 0
45; 0.9590; 0.0063; 0.0000; 0.0000; 0.5063;      0;      0;      0; 77.92; 0.85; 26.38; 74.73; 0.95; 30.10; 0.8726; 0.0011; 0.0349; 0.0946; 0.0016; 0.0486; 13.85; 0.08; 2.59; 2.57; 0.02; 0.67; 8.20; 0.34; 2.17; 0
46; 0.9590; 0.0063; 0.0000; 0.0000; 0.5063; 0.0584; 0.0115; 0.3566; 77.92; 0.85; 26.38; 74.73; 0.95; 30.10; 0.8726; 0.0011; 0.0349; 0.0946; 0.0016; 0.0486; 13.85; 0.08; 2.59; 2.57; 0.02; 0.67; 8.20; 0.34; 2.17; 0
47; 0.9590; 0.0063; 0.0000; 0.0000; 0.5063;      0;      0;      0; 77.92; 0.85; 26.38; 74.73; 0.95; 30.10; 0.8726; 0.0011; 0.0349; 0.0946; 0.0016; 0.0486; 13.85; 0.08; 2.59; 2.57; 0.02; 0.67; 8.20; 0.34; 2.17; 0
48; 0.9590; 0.0063; 0.0000; 0.0000; 0.5063;      0;      0;      0; 73.66; 0.89; 27.65; 70.64; 0.97; 30.77; 0.8714; 0.0011; 0.0356; 0.0949; 0.0016; 0.0505; 13.69; 0.08; 2.59; 2.57; 0.02; 0.67; 8.20; 0.34; 2.17; 0
49; 0.9500; 0.0069; 0.0090; 0.0030; 0.5063;      0;      0;      0; 76.99; 0.86; 26.58; 73.14; 0.98; 30.87; 0.8620; 0.0013; 0.0394; 0.1061; 0.0018; 0.0548; 12.80; 0.08; 2.48; 2.48; 0.02; 0.68; 9.06; 0.38; 2.71; 0
50; 0.9500; 0.0069; 0.0000; 0.0000; 0.5063; 0.0383; 0.0117; 0.3608; 76.99; 0.86; 26.58; 73.14; 0.98; 30.87; 0.8620; 0.0013; 0.0394; 0.1061; 0.0018; 0.0548; 12.80; 0.08; 2.48; 2.48; 0.02; 0.68; 9.06; 0.38; 2.71; 0
51; 0.9500; 0.0069; 0.0000; 0.0000; 0.5063;      0;      0;      0; 76.99; 0.86; 26.58; 73.14; 0.98; 30.87; 0.8620; 0.0013; 0.0394; 0.1061; 0.0018; 0.0548; 12.80; 0.08; 2.48; 2.48; 0.02; 0.68; 9.06; 0.38; 2.71; 0
52; 0.9500; 0.0069; 0.0000; 0.0000; 0.5063;      0;      0;      0; 72.39; 0.91; 27.92; 68.77; 0.99; 31.46; 0.8611; 0.0013; 0.0394; 0.1069; 0.0018; 0.0558; 12.66; 0.08; 2.48; 2.48; 0.02; 0.68; 9.06; 0.38; 2.71; 0
53; 0.9420; 0.0074; 0.0080; 0.0028; 0.5063;      0;      0;      0; 75.67; 0.88; 27.07; 71.29; 1.00; 31.65; 0.8513; 0.0014; 0.0444; 0.1153; 0.0019; 0.0592; 11.94; 0.08; 2.38; 2.40; 0.02; 0.68; 9.74; 0.40; 3.04; 0
54; 0.9420; 0.0074; 0.0000; 0.0000; 0.5063; 0.0389; 0.0117; 0.3587; 75.67; 0.88; 27.07; 71.29; 1.00; 31.65; 0.8513; 0.0014; 0.0444; 0.1153; 0.0019; 0.0592; 11.94; 0.08; 2.38; 2.40; 0.02; 0.68; 9.74; 0.40; 3.04; 0
55; 0.9420; 0.0074; 0.0000; 0.0000; 0.5063;      0;      0;      0; 75.67; 0.88; 27.07; 71.29; 1.00; 31.65; 0.8513; 0.0014; 0.0444; 0.1153; 0.0019; 0.0592; 11.94; 0.08; 2.38; 2.40; 0.02; 0.68; 9.74; 0.40; 3.04; 0
56; 0.9410; 0.0075; 0.0010; 0.0010; 0.5063;      0;      0;      0; 71.31; 0.92; 28.28; 67.11; 1.02; 32.15; 0.8506; 0.0014; 0.0442; 0.1155; 0.0019; 0.0597; 11.81; 0.08; 2.35; 2.40; 0.02; 0.68; 9.81; 0.40; 3.07; 0
57; 0.9280; 0.0082; 0.0130; 0.0036; 0.5063;      0;      0;      0; 75.05; 0.85; 25.82; 69.68; 1.00; 31.47; 0.8407; 0.0017; 0.0507; 0.1291; 0.0021; 0.0646; 11.19; 0.07; 2.28; 2.32; 0.02; 0.69; 10.75; 0.40; 3.42; 0
58; 0.9280; 0.0082; 0.0000; 0.0000; 0.5063; 0.0478; 0.0113; 0.3435; 75.05; 0.85; 25.82; 69.68; 1.00; 31.47; 0.8407; 0.0017; 0.0507; 0.1291; 0.0021; 0.0646; 11.19; 0.07; 2.28; 2.32; 0.02; 0.69; 10.75; 0.40; 3.42; 0
59; 0.9280; 0.0082; 0.0000; 0.0000; 0.5063;      0;      0;      0; 75.05; 0.85; 25.82; 69.68; 1.00; 31.47; 0.8407; 0.0017; 0.0507; 0.1291; 0.0021; 0.0646; 11.19; 0.07; 2.28; 2.32; 0.02; 0.69; 10.75; 0.40; 3.42; 0
60; 0.9280; 0.0082; 0.0000; 0.0000; 0.5063;      0;      0;      0; 70.69; 0.89; 27.08; 65.64; 1.01; 31.78; 0.8399; 0.0017; 0.0515; 0.1293; 0.0022; 0.0658; 11.11; 0.08; 2.30; 2.31; 0.02; 0.69; 10.75; 0.40; 3.42; 0
61; 0.9210; 0.0085; 0.0070; 0.0026; 0.5063;      0;      0;      0; 72.75; 0.84; 25.47; 67.03; 0.99; 31.30; 0.8295; 0.0019; 0.0571; 0.1399; 0.0023; 0.0706; 10.48; 0.07; 2.27; 2.23; 0.02; 0.69; 11.22; 0.40; 3.59; 0
62; 0.9210; 0.0085; 0.0000; 0.0000; 0.5063; 0.0243; 0.0111; 0.3360; 72.75; 0.84; 25.47; 67.03; 0.99; 31.30; 0.8295; 0.0019; 0.0571; 0.1399; 0.0023; 0.0706; 10.48; 0.07; 2.27; 2.23; 0.02; 0.69; 11.22; 0.40; 3.59; 0
63; 0.9210; 0.0085; 0.0000; 0.0000; 0.5063;      0;      0;      0; 72.75; 0.84; 25.47; 67.03; 0.99; 31.30; 0.8295; 0.0019; 0.0571; 0.1399; 0.0023; 0.0706; 10.48; 0.07; 2.27; 2.23; 0.02; 0.69; 11.22; 0.40; 3.59; 0
64; 0.9210; 0.0085; 0.0000; 0.0000; 0.5063;      0;      0;      0; 68.44; 0.87; 26.49; 63.05; 0.99; 31.38; 0.8283; 0.0019; 0.0582; 0.1410; 0.0024; 0.0736; 10.38; 0.07; 2.27; 2.22; 0.02; 0.69; 11.22; 0.40; 3.59; 0
65; 0.9130; 0.0089; 0.0080; 0.0028; 0.5063;      0;      0;      0; 72.13; 0.84; 25.28; 65.86; 1.00; 31.56; 0.8195; 0.0020; 0.0618; 0.1486; 0.0025; 0.0745; 9.87; 0.07; 2.23; 2.14; 0.02; 0.69; 11.75; 0.41; 3.81; 0
66; 0.9130; 0.0089; 0.0000; 0.0000; 0.5063; 0.0497; 0.0111; 0.3341; 72.13; 0.84; 25.28; 65.86; 1.00; 31.56; 0.8195; 0.0020; 0.0618; 0.1486; 0.0025; 0.0745; 9.87; 0.07; 2.23; 2.14; 0.02; 0.69; 11.75; 0.41; 3.81; 0
67; 0.9130; 0.0089; 0.0000; 0.0000; 0.5063;      0;      0;      0; 72.13; 0.84; 25.28; 65.86; 1.00; 31.56; 0.8195; 0.0020; 0.0618; 0.1486; 0.0025; 0.0745; 9.87; 0.07; 2.23; 2.14; 0.02; 0.69; 11.75; 0.41; 3.81; 0
68; 0.9130; 0.0089; 0.0000; 0.0000; 0.5063;      0;      0;      0; 67.76; 0.87; 26.32; 61.88; 1.00; 31.57; 0.8184; 0.0021; 0.0624; 0.1496; 0.0025; 0.0754; 9.78; 0.07; 2.23; 2.14; 0.02; 0.69; 11.75; 0.41; 3.81; 0
69; 0.9070; 0.0092; 0.0060; 0.0024; 0.5063;      0;      0;      0; 72.36; 0.87; 26.12; 65.65; 1.03; 32.55; 0.8083; 0.0023; 0.0703; 0.1611; 0.0027; 0.0825; 9.32; 0.07; 2.13; 2.05; 0.02; 0.69; 12.15; 0.41; 4.00; 0
70; 0.9070; 0.0092; 0.0000; 0.0000; 0.5063; 0.0622; 0.0111; 0.3333; 72.36; 0.87; 26.12; 65.65; 1.03; 32.55; 0.8083; 0.0023; 0.0703; 0.1611; 0.0027; 0.0825; 9.32; 0.07; 2.13; 2.05; 0.02; 0.69; 12.15; 0.41; 4.00; 0
71; 0.9070; 0.0092; 0.0000; 0.0000; 0.5063;      0;      0;      0; 72.36; 0.87; 26.12; 65.65; 1.03; 32.55; 0.8083; 0.0023; 0.0703; 0.1611; 0.0027; 0.0825; 9.32; 0.07; 2.13; 2.05; 0.02; 0.69; 12.15; 0.41; 4.00; 0
72; 0.9070; 0.0092; 0.0000; 0.0000; 0.5063;      0;      0;      0; 68.09; 0.90; 27.09; 61.77; 1.03; 32.50; 0.8072; 0.0023; 0.0705; 0.1617; 0.0028; 0.0842; 9.25; 0.07; 2.11; 2.05; 0.02; 0.70; 12.15; 0.41; 4.00; 0
73; 0.9020; 0.0094; 0.0050; 0.0022; 0.5063;      0;      0;      0; 70.55; 0.87; 26.26; 63.63; 1.03; 32.59; 0.7957; 0.0026; 0.0778; 0.1717; 0.0030; 0.0893; 8.78; 0.07; 2.08; 1.97; 0.02; 0.69; 12.50; 0.42; 4.18; 0
74; 0.9020; 0.0094; 0.0000; 0.0000; 0.5063; 0.0332; 0.0107; 0.3214; 70.55; 0.87; 26.26; 63.63; 1.03; 32.59; 0.7957; 0.0026; 0.0778; 0.1717; 0.0030; 0.0893; 8.78; 0.07; 2.08; 1.97; 0.02; 0.69; 12.50; 0.42; 4.18; 0
75; 0.9020; 0.0094; 0.0000; 0.0000; 0.5063;      0;      0;      0; 70.55; 0.87; 26.26; 63.63; 1.03; 32.59; 0.7957; 0.0026; 0.0778; 0.1717; 0.0030; 0.0893; 8.78; 0.07; 2.08; 1.97; 0.02; 0.69; 12.50; 0.42; 4.18; 0
76; 0.9020; 0.0094; 0.0000; 0.0000; 0.5063;      0;      0;      0; 66.28; 0.90; 27.06; 59.79; 1.02; 32.39; 0.7947; 0.0026; 0.0784; 0.1713; 0.0030; 0.0890; 8.70; 0.07; 2.09; 1.96; 0.02; 0.69; 12.50; 0.42; 4.18; 0
77; 0.8910; 0.0099; 0.0110; 0.0033; 0.5063;      0;      0;      0; 70.17; 0.89; 26.60; 62.55; 1.05; 33.26; 0.7859; 0.0026; 0.0786; 0.1816; 0.0031; 0.0924; 8.32; 0.07; 1.98; 1.87; 0.02; 0.68; 13.26; 0.44; 4.56; 0
78; 0.8910; 0.0099; 0.0000; 0.0000; 0.5063; 0.0474; 0.0111; 0.3304; 70.17; 0.89; 26.60; 62.55; 1.05; 33.26; 0.7859; 0.0026; 0.0786; 0.1816; 0.0031; 0.0924; 8.32; 0.07; 1.98; 1.87; 0.02; 0.68; 13.26; 0.44; 4.56; 0
79; 0.8910; 0.0099; 0.0000; 0.0000; 0.5063;      0;      0;      0; 70.17; 0.89; 26.60; 62.55; 1.05; 33.26; 0.7859; 0.0026; 0.0786; 0.1816; 0.0031; 0.0924; 8.32; 0.07; 1.98; 1.87; 0.02; 0.68; 13.26; 0.44; 4.56; 0
80; 0.8910; 0.0099; 0.0000; 0.0000; 0.5063;      0;      0;      0; 65.96; 0.92; 27.44; 58.79; 1.04; 33.04; 0.7848; 0.0027; 0.0796; 0.1823; 0.0031; 0.0937; 8.29; 0.07; 1.98; 1.87; 0.02; 0.68; 13.26; 0.44; 4.56; 0
81; 0.8780; 0.0103; 0.0130; 0.0036; 0.5063;      0;      0;      0; 68.45; 0.86; 25.45; 60.13; 1.03; 32.66; 0.7739; 0.0029; 0.0857; 0.1918; 0.0034; 0.0993; 7.95; 0.07; 1.94; 1.79; 0.02; 0.67; 14.08; 0.45; 4.93; 0
82; 0.8780; 0.0103; 0.0000; 0.0000; 0.5063; 0.0278; 0.0106; 0.3153; 68.45; 0.86; 25.45; 60.13; 1.03; 32.66; 0.7739; 0.0029; 0.0857; 0.1918; 0.0034; 0.0993; 7.95; 0.07; 1.94; 1.79; 0.02; 0.67; 14.08; 0.45; 4.93; 0
83; 0.8780; 0.0103; 0.0000; 0.0000; 0.5063;      0;      0;      0; 68.45; 0.86; 25.45; 60.13; 1.03; 32.66; 0.7739; 0.0029; 0.0857; 0.1918; 0.0034; 0.0993; 7.95; 0.07; 1.94; 1.79; 0.02; 0.67; 14.08; 0.45; 4.93; 0
84; 0.8780; 0.0103; 0.0000; 0.0000; 0.5063;      0;      0;      0; 64.22; 0.88; 26.22; 56.42; 1.02; 32.28; 0.7728; 0.0029; 0.0860; 0.1928; 0.0034; 0.1014; 7.90; 0.06; 1.92; 1.79; 0.02; 0.67; 14.08; 0.45; 4.93; 0
85; 0.8660; 0.0108; 0.0120; 0.0034; 0.5063;      0;      0;      0; 67.93; 0.85; 25.14; 58.85; 1.04; 32.88; 0.7633; 0.0031; 0.0916; 0.2044; 0.0036; 0.1068; 7.59; 0.06; 1.87; 1.71; 0.02; 0.66; 14.79; 0.45; 5.22; 0
86; 0.8660; 0.0108; 0.0000; 0.0000; 0.5063; 0.0442; 0.0107; 0.3158; 67.93; 0.85; 25.14; 58.85; 1.04; 32.88; 0.7633; 0.0031; 0.0916; 0.2044; 0.0036; 0.1068; 7.59; 0.06; 1.87; 1.71; 0.02; 0.66; 14.79; 0.45; 5.22; 0
87; 0.8660; 0.0108; 0.0000; 0.0000; 0.5063;      0;      0;      0; 67.93; 0.85; 25.14; 58.85; 1.04; 32.88; 0.7633; 0.0031; 0.0916; 0.2044; 0.0036; 0.1068; 7.59; 0.06; 1.87; 1.71; 0.02; 0.66; 14.79; 0.45; 5.22; 0
88; 0.8660; 0.0108; 0.0000; 0.0000; 0.5063;      0;      0;      0; 63.62; 0.88; 25.92; 55.11; 1.02; 32.40; 0.7620; 0.0032; 0.0928; 0.2051; 0.0038; 0.1105; 7.54; 0.06; 1.86; 1.70; 0.02; 0.66; 14.79; 0.45; 5.22; 0
89; 0.8560; 0.0111; 0.0100; 0.0031; 0.5063;      0;      0;      0; 68.46; 0.87; 25.50; 58.62; 1.06; 33.66; 0.7548; 0.0032; 0.0929; 0.2141; 0.0038; 0.1113; 7.24; 0.06; 1.76; 1.63; 0.02; 0.65; 15.36; 0.45; 5.46; 0
90; 0.8560; 0.0111; 0.0000; 0.0000; 0.5063; 0.0610; 0.0110; 0.3210; 68.46; 0.87; 25.50; 58.62; 1.06; 33.66; 0.7548; 0.0032; 0.0929; 0.2141; 0.0038; 0.1113; 7.24; 0.06; 1.76; 1.63; 0.02; 0.65; 15.36; 0.45; 5.46; 0
91; 0.8560; 0.0111; 0.0000; 0.0000; 0.5063;      0;      0;      0; 68.46; 0.87; 25.50; 58.62; 1.06; 33.66; 0.7548; 0.0032; 0.0929; 0.2141; 0.0038; 0.1113; 7.24; 0.06; 1.76; 1.63; 0.02; 0.65; 15.36; 0.45; 5.46; 0
92; 0.8560; 0.0111; 0.0000; 0.0000; 0.5063;      0;      0;      0; 64.43; 0.89; 26.09; 55.17; 1.05; 33.07; 0.7534; 0.0032; 0.0939; 0.2143; 0.0039; 0.1128; 7.19; 0.06; 1.76; 1.62; 0.02; 0.65; 15.36; 0.45; 5.46; 0
93; 0.8510; 0.0113; 0.0050; 0.0022; 0.5063;      0;      0;      0; 67.29; 0.89; 26.07; 57.28; 1.07; 33.94; 0.7418; 0.0035; 0.1011; 0.2249; 0.0041; 0.1185; 6.91; 0.06; 1.73; 1.55; 0.02; 0.64; 15.65; 0.46; 5.59; 0
94; 0.8510; 0.0113; 0.0000; 0.0000; 0.5063; 0.0343; 0.0109; 0.3184; 67.29; 0.89; 26.07; 57.28; 1.07; 33.94; 0.7418; 0.0035; 0.1011; 0.2249; 0.0041; 0.1185; 6.91; 0.06; 1.73; 1.55; 0.02; 0.64; 15.65; 0.46; 5.59; 0
95; 0.8510; 0.0113; 0.0000; 0.0000; 0.5063;      0;      0;      0; 67.29; 0.89; 26.07; 57.28; 1.07; 33.94; 0.7418; 0.0035; 0.1011; 0.2249; 0.0041; 0.1185; 6.91; 0.06; 1.73; 1.55; 0.02; 0.64; 15.65; 0.46; 5.59; 0
96; 0.8510; 0.0113; 0.0000; 0.0000; 0.5063;      0;      0;      0; 63.12; 0.92; 26.72; 53.72; 1.05; 33.35; 0.7405; 0.0035; 0.1021; 0.2253; 0.0041; 0.1204; 6.85; 0.06; 1.72; 1.55; 0.02; 0.64; 15.65; 0.46; 5.59; 0
97; 0.8410; 0.0116; 0.0100; 0.0031; 0.5063;      0;      0;      0; 66.24; 0.87; 25.37; 55.72; 1.06; 33.57; 0.7322; 0.0037; 0.1067; 0.2345; 0.0043; 0.1237; 6.66; 0.06; 1.70; 1.48; 0.02; 0.63; 16.24; 0.47; 5.87; 0
98; 0.8410; 0.0116; 0.0000; 0.0000; 0.5063; 0.0435; 0.0106; 0.3064; 66.24; 0.87; 25.37; 55.72; 1.06; 33.57; 0.7322; 0.0037; 0.1067; 0.2345; 0.0043; 0.1237; 6.66; 0.06; 1.70; 1.48; 0.02; 0.63; 16.24; 0.47; 5.87; 0
99; 0.8410; 0.0116; 0.0000; 0.0000; 0.5063;      0;      0;      0; 66.24; 0.87; 25.37; 55.72; 1.06; 33.57; 0.7322; 0.0037; 0.1067; 0.2345; 0.0043; 0.1237; 6.66; 0.06; 1.70; 1.48; 0.02; 0.63; 16.24; 0.47; 5.87; 0
100; 0.8400; 0.0116; 0.0010; 0.0010; 0.5063;      0;      0;      0; 62.19; 0.90; 25.98; 52.25; 1.04; 32.95; 0.7307; 0.0037; 0.1071; 0.2359; 0.0043; 0.1251; 6.62; 0.06; 1.68; 1.48; 0.02; 0.63; 16.29; 0.47; 5.89; 0
101; 0.8290; 0.0119; 0.0110; 0.0033; 0.5063;      0;      0;      0; 66.33; 0.89; 25.49; 55.01; 1.08; 34.06; 0.7220; 0.0038; 0.1103; 0.2449; 0.0045; 0.1282; 6.39; 0.06; 1.65; 1.40; 0.02; 0.62; 16.92; 0.47; 6.18; 0
102; 0.8290; 0.0119; 0.0000; 0.0000; 0.5063; 0.0549; 0.0106; 0.3053; 66.33; 0.89; 25.49; 55.01; 1.08; 34.06; 0.7220; 0.0038; 0.1103; 0.2449; 0.0045; 0.1282; 6.39; 0.06; 1.65; 1.40; 0.02; 0.62; 16.92; 0.47; 6.18; 0
103; 0.8290; 0.0119; 0.0000; 0.0000; 0.5063;      0;      0;      0; 66.33; 0.89; 25.49; 55.01; 1.08; 34.06; 0.7220; 0.0038; 0.1103; 0.2449; 0.0045; 0.1282; 6.39; 0.06; 1.65; 1.40; 0.02; 0.62; 16.92; 0.47; 6.18; 0
104; 0.8290; 0.0119; 0.0000; 0.0000; 0.5063;      0;      0;      0; 62.24; 0.90; 25.97; 51.61; 1.05; 33.26; 0.7215; 0.0038; 0.1104; 0.2445; 0.0045; 0.1292; 6.37; 0.06; 1.64; 1.40; 0.02; 0.62; 16.92; 0.47; 6.18; 0
105; 0.8210; 0.0121; 0.0080; 0.0028; 0.5063;      0;      0;      0; 65.35; 0.90; 25.70; 53.67; 1.08; 34.18; 0.7124; 0.0039; 0.1130; 0.2543; 0.0044; 0.1269; 6.16; 0.06; 1.59; 1.34; 0.02; 0.61; 17.37; 0.48; 6.39; 0
106; 0.8210; 0.0121; 0.0000; 0.0000; 0.5063; 0.0404; 0.0108; 0.3084; 65.35; 0.90; 25.70; 53.67; 1.08; 34.18; 0.7124; 0.0039; 0.1130; 0.2543; 0.0044; 0.1269; 6.16; 0.06; 1.59; 1.34; 0.02; 0.61; 17.37; 0.48; 6.39; 0
107; 0.8210; 0.0121; 0.0000; 0.0000; 0.5063;      0;      0;      0; 65.35; 0.90; 25.70; 53.67; 1.08; 34.18; 0.7124; 0.0039; 0.1130; 0.2543; 0.0044; 0.1269; 6.16; 0.06; 1.59; 1.34; 0.02; 0.61; 17.37; 0.48; 6.39; 0
108; 0.8210; 0.0121; 0.0000; 0.0000; 0.5063;      0;      0;      0; 61.33; 0.92; 26.33; 50.37; 1.06; 33.48; 0.7114; 0.0040; 0.1135; 0.2539; 0.0045; 0.1290; 6.11; 0.06; 1.59; 1.33; 0.02; 0.61; 17.37; 0.48; 6.39; 0
109; 0.8140; 0.0123; 0.0070; 0.0026; 0.5063;      0;      0;      0; 64.12; 0.89; 25.27; 52.21; 1.07; 33.77; 0.7025; 0.0041; 0.1164; 0.2633; 0.0046; 0.1304; 5.92; 0.05; 1.54; 1.26; 0.02; 0.60; 17.77; 0.48; 6.58; 0
110; 0.8140; 0.0123; 0.0000; 0.0000; 0.5063; 0.0390; 0.0106; 0.3022; 64.12; 0.89; 25.27; 52.21; 1.07; 33.77; 0.7025; 0.0041; 0.1164; 0.2633; 0.0046; 0.1304; 5.92; 0.05; 1.54; 1.26; 0.02; 0.60; 17.77; 0.48; 6.58; 0
111; 0.8140; 0.0123; 0.0000; 0.0000; 0.5063;      0;      0;      0; 64.12; 0.89; 25.27; 52.21; 1.07; 33.77; 0.7025; 0.0041; 0.1164; 0.2633; 0.0046; 0.1304; 5.92; 0.05; 1.54; 1.26; 0.02; 0.60; 17.77; 0.48; 6.58; 0
112; 0.8140; 0.0123; 0.0000; 0.0000; 0.5063;      0;      0;      0; 60.20; 0.90; 25.67; 49.02; 1.04; 32.92; 0.7012; 0.0041; 0.1168; 0.2636; 0.0046; 0.1323; 5.88; 0.05; 1.54; 1.26; 0.02; 0.60; 17.77; 0.48; 6.58; 0
113; 0.8060; 0.0125; 0.0080; 0.0028; 0.5063;      0;      0;      0; 63.32; 0.91; 25.70; 51.04; 1.08; 34.04; 0.6907; 0.0043; 0.1222; 0.2761; 0.0048; 0.1359; 5.65; 0.05; 1.52; 1.19; 0.02; 0.57; 18.23; 0.49; 6.82; 0
114; 0.8060; 0.0125; 0.0000; 0.0000; 0.5063; 0.0356; 0.0107; 0.3035; 63.32; 0.91; 25.70; 51.04; 1.08; 34.04; 0.6907; 0.0043; 0.1222; 0.2761; 0.0048; 0.1359; 5.65; 0.05; 1.52; 1.19; 0.02; 0.57; 18.23; 0.49; 6.82; 0
115; 0.8060; 0.0125; 0.0000; 0.0000; 0.5063;      0;      0;      0; 63.32; 0.91; 25.70; 51.04; 1.08; 34.04; 0.6907; 0.0043; 0.1222; 0.2761; 0.0048; 0.1359; 5.65; 0.05; 1.52; 1.19; 0.02; 0.57; 18.23; 0.49; 6.82; 0
116; 0.8050; 0.0125; 0.0010; 0.0010; 0.5063;      0;      0;      0; 59.36; 0.91; 25.94; 47.80; 1.05; 33.07; 0.6899; 0.0043; 0.1228; 0.2757; 0.0048; 0.1367; 5.62; 0.05; 1.51; 1.19; 0.02; 0.57; 18.29; 0.49; 6.85; 0
117; 0.7970; 0.0127; 0.0080; 0.0028; 0.5063;      0;      0;      0; 62.08; 0.91; 25.64; 49.49; 1.07; 33.86; 0.6814; 0.0045; 0.1260; 0.2861; 0.0052; 0.1456; 5.47; 0.05; 1.51; 1.13; 0.02; 0.55; 18.75; 0.50; 7.09; 0
118; 0.7970; 0.0127; 0.0000; 0.0000; 0.5063; 0.0322; 0.0106; 0.2981; 62.08; 0.91; 25.64; 49.49; 1.07; 33.86; 0.6814; 0.0045; 0.1260; 0.2861; 0.0052; 0.1456; 5.47; 0.05; 1.51; 1.13; 0.02; 0.55; 18.75; 0.50; 7.09; 0
119; 0.7970; 0.0127; 0.0000; 0.0000; 0.5063;      0;      0;      0; 62.08; 0.91; 25.64; 49.49; 1.07; 33.86; 0.6814; 0.0045; 0.1260; 0.2861; 0.0052; 0.1456; 5.47; 0.05; 1.51; 1.13; 0.02; 0.55; 18.75; 0.50; 7.09; 0
120; 0.7970; 0.0127; 0.0000; 0.0000; 0.5063;      0;      0;      0; 58.00; 0.92; 25.98; 46.24; 1.04; 32.88; 0.6802; 0.0045; 0.1271; 0.2855; 0.0052; 0.1474; 5.44; 0.05; 1.52; 1.13; 0.02; 0.55; 18.75; 0.50; 7.09; 0
121; 0.7880; 0.0129; 0.0090; 0.0030; 0.5063;      0;      0;      0; 60.94; 0.91; 25.68; 48.04; 1.07; 33.74; 0.6723; 0.0046; 0.1280; 0.2949; 0.0052; 0.1451; 5.29; 0.05; 1.50; 1.08; 0.02; 0.53; 19.27; 0.51; 7.37; 0
122; 0.7880; 0.0129; 0.0000; 0.0000; 0.5063; 0.0319; 0.0107; 0.3003; 60.94; 0.91; 25.68; 48.04; 1.07; 33.74; 0.6723; 0.0046; 0.1280; 0.2949; 0.0052; 0.1451; 5.29; 0.05; 1.50; 1.08; 0.02; 0.53; 19.27; 0.51; 7.37; 0
123; 0.7880; 0.0129; 0.0000; 0.0000; 0.5063;      0;      0;      0; 60.94; 0.91; 25.68; 48.04; 1.07; 33.74; 0.6723; 0.0046; 0.1280; 0.2949; 0.0052; 0.1451; 5.29; 0.05; 1.50; 1.08; 0.02; 0.53; 19.27; 0.51; 7.37; 0
124; 0.7880; 0.0129; 0.0000; 0.0000; 0.5063;      0;      0;      0; 56.80; 0.92; 25.81; 44.78; 1.03; 32.60; 0.6717; 0.0045; 0.1272; 0.2960; 0.0052; 0.1462; 5.26; 0.05; 1.50; 1.07; 0.02; 0.53; 19.27; 0.51; 7.37; 0
125; 0.7710; 0.0133; 0.0170; 0.0041; 0.5063;      0;      0;      0; 61.52; 0.93; 25.79; 47.46; 1.09; 34.34; 0.6631; 0.0047; 0.1300; 0.3066; 0.0054; 0.1488; 5.11; 0.05; 1.48; 1.02; 0.02; 0.52; 20.21; 0.52; 7.84; 0
126; 0.7710; 0.0133; 0.0000; 0.0000; 0.5063; 0.0553; 0.0107; 0.2983; 61.52; 0.93; 25.79; 47.46; 1.09; 34.34; 0.6631; 0.0047; 0.1300; 0.3066; 0.0054; 0.1488; 5.11; 0.05; 1.48; 1.02; 0.02; 0.52; 20.21; 0.52; 7.84; 0
127; 0.7710; 0.0133; 0.0000; 0.0000; 0.5063;      0;      0;      0; 61.52; 0.93; 25.79; 47.46; 1.09; 34.34; 0.6631; 0.0047; 0.1300; 0.3066; 0.0054; 0.1488; 5.11; 0.05; 1.48; 1.02; 0.02; 0.52; 20.21; 0.52; 7.84; 0
128; 0.7690; 0.0133; 0.0020; 0.0014; 0.5063;      0;      0;      0; 57.80; 0.93; 25.92; 44.47; 1.05; 33.29; 0.6621; 0.0047; 0.1303; 0.3077; 0.0054; 0.1504; 5.09; 0.05; 1.48; 1.02; 0.02; 0.52; 20.32; 0.52; 7.88; 0
129; 0.7570; 0.0136; 0.0120; 0.0034; 0.5063;      0;      0;      0; 61.24; 0.94; 25.90; 46.39; 1.09; 34.58; 0.6526; 0.0049; 0.1342; 0.3171; 0.0055; 0.1509; 4.94; 0.05; 1.45; 0.96; 0.02; 0.51; 20.94; 0.52; 8.16; 0
130; 0.7570; 0.0136; 0.0000; 0.0000; 0.5063; 0.0381; 0.0107; 0.2935; 61.24; 0.94; 25.90; 46.39; 1.09; 34.58; 0.6526; 0.0049; 0.1342; 0.3171; 0.0055; 0.1509; 4.94; 0.05; 1.45; 0.96; 0.02; 0.51; 20.94; 0.52; 8.16; 0
131; 0.7570; 0.0136; 0.0000; 0.0000; 0.5063;      0;      0;      0; 61.24; 0.94; 25.90; 46.39; 1.09; 34.58; 0.6526; 0.0049; 0.1342; 0.3171; 0.0055; 0.1509; 4.94; 0.05; 1.45; 0.96; 0.02; 0.51; 20.94; 0.52; 8.16; 0
132; 0.7570; 0.0136; 0.0000; 0.0000; 0.5063;      0;      0;      0; 57.38; 0.95; 26.19; 43.46; 1.06; 33.51; 0.6511; 0.0049; 0.1353; 0.3171; 0.0056; 0.1531; 4.92; 0.05; 1.45; 0.96; 0.02; 0.51; 20.94; 0.52; 8.16; 0
133; 0.7470; 0.0137; 0.0100; 0.0031; 0.5063;      0;      0;      0; 59.78; 0.94; 25.72; 44.68; 1.08; 34.17; 0.6419; 0.0051; 0.1400; 0.3286; 0.0058; 0.1573; 4.77; 0.05; 1.39; 0.93; 0.02; 0.50; 21.46; 0.53; 8.39; 0
134; 0.7470; 0.0137; 0.0000; 0.0000; 0.5063; 0.0254; 0.0105; 0.2871; 59.78; 0.94; 25.72; 44.68; 1.08; 34.17; 0.6419; 0.0051; 0.1400; 0.3286; 0.0058; 0.1573; 4.77; 0.05; 1.39; 0.93; 0.02; 0.50; 21.46; 0.53; 8.39; 0
135; 0.7470; 0.0137; 0.0000; 0.0000; 0.5063;      0;      0;      0; 59.78; 0.94; 25.72; 44.68; 1.08; 34.17; 0.6419; 0.0051; 0.1400; 0.3286; 0.0058; 0.1573; 4.77; 0.05; 1.39; 0.93; 0.02; 0.50; 21.46; 0.53; 8.39; 0
136; 0.7460; 0.0138; 0.0010; 0.0010; 0.5063;      0;      0;      0; 55.89; 0.94; 25.81; 41.72; 1.04; 32.97; 0.6410; 0.0052; 0.1408; 0.3289; 0.0058; 0.1593; 4.74; 0.05; 1.38; 0.93; 0.02; 0.50; 21.51; 0.53; 8.41; 0
137; 0.7350; 0.0140; 0.0110; 0.0033; 0.5063;      0;      0;      0; 58.36; 0.93; 25.15; 42.94; 1.06; 33.55; 0.6322; 0.0053; 0.1437; 0.3403; 0.0060; 0.1614; 4.64; 0.05; 1.37; 0.87; 0.02; 0.50; 22.07; 0.53; 8.67; 0
138; 0.7350; 0.0140; 0.0000; 0.0000; 0.5063; 0.0208; 0.0112; 0.3046; 58.36; 0.93; 25.15; 42.94; 1.06; 33.55; 0.6322; 0.0053; 0.1437; 0.3403; 0.0060; 0.1614; 4.64; 0.05; 1.37; 0.87; 0.02; 0.50; 22.07; 0.53; 8.67; 0
139; 0.7350; 0.0140; 0.0000; 0.0000; 0.5063;      0;      0;      0; 58.36; 0.93; 25.15; 42.94; 1.06; 33.55; 0.6322; 0.0053; 0.1437; 0.3403; 0.0060; 0.1614; 4.64; 0.05; 1.37; 0.87; 0.02; 0.50; 22.07; 0.53; 8.67; 0
140; 0.7320; 0.0140; 0.0030; 0.0017; 0.5063;      0;      0;      0; 54.67; 0.92; 24.82; 40.06; 1.02; 32.17; 0.6314; 0.0054; 0.1452; 0.3406; 0.0059; 0.1609; 4.62; 0.05; 1.37; 0.87; 0.02; 0.50; 22.21; 0.53; 8.72; 0
141; 0.7220; 0.0142; 0.0100; 0.0031; 0.5063;      0;      0;      0; 57.20; 0.93; 25.06; 41.34; 1.05; 33.28; 0.6214; 0.0056; 0.1497; 0.3499; 0.0062; 0.1667; 4.49; 0.05; 1.38; 0.83; 0.02; 0.48; 22.71; 0.54; 8.94; 0
142; 0.7220; 0.0142; 0.0000; 0.0000; 0.5063; 0.0188; 0.0106; 0.2842; 57.20; 0.93; 25.06; 41.34; 1.05; 33.28; 0.6214; 0.0056; 0.1497; 0.3499; 0.0062; 0.1667; 4.49; 0.05; 1.38; 0.83; 0.02; 0.48; 22.71; 0.54; 8.94; 0
143; 0.7220; 0.0142; 0.0000; 0.0000; 0.5063;      0;      0;      0; 57.20; 0.93; 25.06; 41.34; 1.05; 33.28; 0.6214; 0.0056; 0.1497; 0.3499; 0.0062; 0.1667; 4.49; 0.05; 1.38; 0.83; 0.02; 0.48; 22.71; 0.54; 8.94; 0
144; 0.7210; 0.0142; 0.0010; 0.0010; 0.5063;      0;      0;      0; 53.37; 0.92; 24.81; 38.52; 1.01; 31.85; 0.6211; 0.0055; 0.1484; 0.3493; 0.0062; 0.1663; 4.47; 0.05; 1.37; 0.83; 0.02; 0.48; 22.76; 0.54; 8.96; 0
145; 0.7080; 0.0144; 0.0130; 0.0036; 0.5063;      0;      0;      0; 57.25; 0.99; 26.37; 40.56; 1.08; 34.18; 0.6109; 0.0058; 0.1547; 0.3639; 0.0064; 0.1705; 4.37; 0.05; 1.35; 0.79; 0.02; 0.49; 23.39; 0.54; 9.24; 0
146; 0.7080; 0.0144; 0.0000; 0.0000; 0.5063; 0.0272; 0.0111; 0.2965; 57.25; 0.99; 26.37; 40.56; 1.08; 34.18; 0.6109; 0.0058; 0.1547; 0.3639; 0.0064; 0.1705; 4.37; 0.05; 1.35; 0.79; 0.02; 0.49; 23.39; 0.54; 9.24; 0
147; 0.7080; 0.0144; 0.0000; 0.0000; 0.5063;      0;      0;      0; 57.25; 0.99; 26.37; 40.56; 1.08; 34.18; 0.6109; 0.0058; 0.1547; 0.3639; 0.0064; 0.1705; 4.37; 0.05; 1.35; 0.79; 0.02; 0.49; 23.39; 0.54; 9.24; 0
148; 0.7070; 0.0144; 0.0010; 0.0010; 0.5063;      0;      0;      0; 53.56; 0.98; 26.17; 37.90; 1.04; 32.81; 0.6115; 0.0058; 0.1531; 0.3622; 0.0064; 0.1701; 4.35; 0.05; 1.35; 0.79; 0.02; 0.49; 23.44; 0.54; 9.26; 0
149; 0.6900; 0.0146; 0.0170; 0.0041; 0.5063;      0;      0;      0; 56.83; 1.00; 26.34; 39.25; 1.08; 34.17; 0.6046; 0.0059; 0.1544; 0.3644; 0.0065; 0.1713; 4.25; 0.05; 1.34; 0.73; 0.02; 0.45; 24.24; 0.54; 9.59; 0
150; 0.6900; 0.0146; 0.0000; 0.0000; 0.5063; 0.0241; 0.0112; 0.2931; 56.83; 1.00; 26.34; 39.25; 1.08; 34.17; 0.6046; 0.0059; 0.1544; 0.3644; 0.0065; 0.1713; 4.25; 0.05; 1.34; 0.73; 0.02; 0.45; 24.24; 0.54; 9.59; 0
151; 0.6900; 0.0146; 0.0000; 0.0000; 0.5063;      0;      0;      0; 56.83; 1.00; 26.34; 39.25; 1.08; 34.17; 0.6046; 0.0059; 0.1544; 0.3644; 0.0065; 0.1713; 4.25; 0.05; 1.34; 0.73; 0.02; 0.45; 24.24; 0.54; 9.59; 0
152; 0.6900; 0.0146; 0.0000; 0.0000; 0.5063;      0;      0;      0; 53.20; 1.00; 26.19; 36.74; 1.04; 32.82; 0.6042; 0.0059; 0.1543; 0.3638; 0.0066; 0.1729; 4.24; 0.05; 1.35; 0.73; 0.02; 0.45; 24.24; 0.54; 9.59; 0
153; 0.6740; 0.0148; 0.0160; 0.0040; 0.5063;      0;      0;      0; 56.83; 1.02; 26.44; 38.34; 1.09; 34.33; 0.5933; 0.0061; 0.1584; 0.3730; 0.0070; 0.1812; 4.11; 0.05; 1.32; 0.69; 0.02; 0.44; 24.96; 0.55; 9.89; 0
154; 0.6740; 0.0148; 0.0000; 0.0000; 0.5063; 0.0285; 0.0111; 0.2876; 56.83; 1.02; 26.44; 38.34; 1.09; 34.33; 0.5933; 0.0061; 0.1584; 0.3730; 0.0070; 0.1812; 4.11; 0.05; 1.32; 0.69; 0.02; 0.44; 24.96; 0.55; 9.89; 0
155; 0.6740; 0.0148; 0.0000; 0.0000; 0.5063;      0;      0;      0; 56.83; 1.02; 26.44; 38.34; 1.09; 34.33; 0.5933; 0.0061; 0.1584; 0.3730; 0.0070; 0.1812; 4.11; 0.05; 1.32; 0.69; 0.02; 0.44; 24.96; 0.55; 9.89; 0
156; 0.6730; 0.0148; 0.0010; 0.0010; 0.5063;      0;      0;      0; 53.33; 1.02; 26.35; 35.93; 1.04; 33.03; 0.5928; 0.0061; 0.1581; 0.3720; 0.0070; 0.1827; 4.10; 0.05; 1.32; 0.69; 0.02; 0.44; 25.00; 0.55; 9.90; 0
157; 0.6620; 0.0150; 0.0110; 0.0033; 0.5063;      0;      0;      0; 56.06; 1.03; 26.58; 37.15; 1.08; 34.19; 0.5831; 0.0063; 0.1627; 0.3838; 0.0072; 0.1844; 3.99; 0.05; 1.32; 0.65; 0.02; 0.44; 25.49; 0.55; 10.10; 0
158; 0.6620; 0.0150; 0.0000; 0.0000; 0.5063; 0.0136; 0.0113; 0.2905; 56.06; 1.03; 26.58; 37.15; 1.08; 34.19; 0.5831; 0.0063; 0.1627; 0.3838; 0.0072; 0.1844; 3.99; 0.05; 1.32; 0.65; 0.02; 0.44; 25.49; 0.55; 10.10; 0
159; 0.6620; 0.0150; 0.0000; 0.0000; 0.5063;      0;      0;      0; 56.06; 1.03; 26.58; 37.15; 1.08; 34.19; 0.5831; 0.0063; 0.1627; 0.3838; 0.0072; 0.1844; 3.99; 0.05; 1.32; 0.65; 0.02; 0.44; 25.49; 0.55; 10.10; 0
160; 0.6580; 0.0150; 0.0040; 0.0020; 0.5063;      0;      0;      0; 52.71; 1.02; 26.10; 34.72; 1.03; 32.73; 0.5827; 0.0064; 0.1640; 0.3839; 0.0073; 0.1874; 3.99; 0.05; 1.32; 0.65; 0.02; 0.44; 25.66; 0.55; 10.16; 0
161; 0.6400; 0.0152; 0.0180; 0.0042; 0.5063;      0;      0;      0; 55.82; 1.01; 25.58; 35.77; 1.07; 33.68; 0.5750; 0.0065; 0.1656; 0.3913; 0.0073; 0.1857; 3.92; 0.05; 1.30; 0.62; 0.02; 0.43; 26.43; 0.55; 10.45; 0
162; 0.6400; 0.0152; 0.0000; 0.0000; 0.5063; 0.0180; 0.0117; 0.2952; 55.82; 1.01; 25.58; 35.77; 1.07; 33.68; 0.5750; 0.0065; 0.1656; 0.3913; 0.0073; 0.1857; 3.92; 0.05; 1.30; 0.62; 0.02; 0.43; 26.43; 0.55; 10.45; 0
163; 0.6400; 0.0152; 0.0000; 0.0000; 0.5063;      0;      0;      0; 55.82; 1.01; 25.58; 35.77; 1.07; 33.68; 0.5750; 0.0065; 0.1656; 0.3913; 0.0073; 0.1857; 3.92; 0.05; 1.30; 0.62; 0.02; 0.43; 26.43; 0.55; 10.45; 0
164; 0.6380; 0.0152; 0.0020; 0.0014; 0.5063;      0;      0;      0; 52.37; 1.00; 25.34; 33.46; 1.02; 32.25; 0.5746; 0.0066; 0.1663; 0.3917; 0.0074; 0.1879; 3.91; 0.05; 1.29; 0.62; 0.02; 0.42; 26.51; 0.55; 10.48; 0
165; 0.6250; 0.0153; 0.0130; 0.0036; 0.5063;      0;      0;      0; 55.65; 1.05; 26.34; 34.82; 1.08; 34.02; 0.5652; 0.0069; 0.1731; 0.4040; 0.0077; 0.1921; 3.82; 0.05; 1.27; 0.59; 0.02; 0.41; 27.05; 0.55; 10.68; 0
166; 0.6250; 0.0153; 0.0000; 0.0000; 0.5063; 0.0179; 0.0115; 0.2864; 55.65; 1.05; 26.34; 34.82; 1.08; 34.02; 0.5652; 0.0069; 0.1731; 0.4040; 0.0077; 0.1921; 3.82; 0.05; 1.27; 0.59; 0.02; 0.41; 27.05; 0.55; 10.68; 0
167; 0.6250; 0.0153; 0.0000; 0.0000; 0.5063;      0;      0;      0; 55.65; 1.05; 26.34; 34.82; 1.08; 34.02; 0.5652; 0.0069; 0.1731; 0.4040; 0.0077; 0.1921; 3.82; 0.05; 1.27; 0.59; 0.02; 0.41; 27.05; 0.55; 10.68; 0
168; 0.6240; 0.0153; 0.0010; 0.0010; 0.5063;      0;      0;      0; 52.29; 1.05; 26.16; 32.66; 1.03; 32.66; 0.5641; 0.0069; 0.1727; 0.4035; 0.0077; 0.1932; 3.82; 0.05; 1.26; 0.59; 0.02; 0.41; 27.09; 0.55; 10.69; 0
169; 0.6080; 0.0154; 0.0160; 0.0040; 0.5063;      0;      0;      0; 55.64; 1.06; 26.26; 33.87; 1.07; 33.99; 0.5611; 0.0070; 0.1714; 0.4089; 0.0077; 0.1896; 3.77; 0.05; 1.25; 0.56; 0.02; 0.39; 27.73; 0.55; 10.93; 0
170; 0.6080; 0.0154; 0.0000; 0.0000; 0.5063; 0.0217; 0.0120; 0.2971; 55.64; 1.06; 26.26; 33.87; 1.07; 33.99; 0.5611; 0.0070; 0.1714; 0.4089; 0.0077; 0.1896; 3.77; 0.05; 1.25; 0.56; 0.02; 0.39; 27.73; 0.55; 10.93; 0
171; 0.6080; 0.0154; 0.0000; 0.0000; 0.5063;      0;      0;      0; 55.64; 1.06; 26.26; 33.87; 1.07; 33.99; 0.5611; 0.0070; 0.1714; 0.4089; 0.0077; 0.1896; 3.77; 0.05; 1.25; 0.56; 0.02; 0.39; 27.73; 0.55; 10.93; 0
172; 0.6070; 0.0154; 0.0010; 0.0010; 0.5063;      0;      0;      0; 52.11; 1.05; 25.96; 31.66; 1.03; 32.48; 0.5602; 0.0069; 0.1710; 0.4099; 0.0077; 0.1907; 3.75; 0.05; 1.25; 0.56; 0.02; 0.39; 27.77; 0.55; 10.95; 0
173; 0.5910; 0.0155; 0.0160; 0.0040; 0.5063;      0;      0;      0; 54.26; 1.04; 25.28; 32.10; 1.04; 32.98; 0.5548; 0.0071; 0.1718; 0.4179; 0.0078; 0.1905; 3.68; 0.05; 1.22; 0.53; 0.02; 0.38; 28.41; 0.55; 11.18; 0
174; 0.5910; 0.0155; 0.0000; 0.0000; 0.5063; 0.0049; 0.0110; 0.2670; 54.26; 1.04; 25.28; 32.10; 1.04; 32.98; 0.5548; 0.0071; 0.1718; 0.4179; 0.0078; 0.1905; 3.68; 0.05; 1.22; 0.53; 0.02; 0.38; 28.41; 0.55; 11.18; 0
175; 0.5910; 0.0155; 0.0000; 0.0000; 0.5063;      0;      0;      0; 54.26; 1.04; 25.28; 32.10; 1.04; 32.98; 0.5548; 0.0071; 0.1718; 0.4179; 0.0078; 0.1905; 3.68; 0.05; 1.22; 0.53; 0.02; 0.38; 28.41; 0.55; 11.18; 0
176; 0.5900; 0.0156; 0.0010; 0.0010; 0.5063;      0;      0;      0; 50.73; 1.03; 24.97; 29.96; 0.99; 31.45; 0.5549; 0.0071; 0.1714; 0.4176; 0.0079; 0.1911; 3.67; 0.05; 1.21; 0.52; 0.02; 0.37; 28.45; 0.55; 11.20; 0
177; 0.5720; 0.0156; 0.0180; 0.0042; 0.5063;      0;      0;      0; 53.31; 1.05; 25.14; 30.56; 1.03; 32.46; 0.5492; 0.0073; 0.1736; 0.4248; 0.0081; 0.1939; 3.58; 0.05; 1.19; 0.51; 0.02; 0.37; 29.14; 0.55; 11.45; 0
178; 0.5720; 0.0156; 0.0000; 0.0000; 0.5063; 0.0095; 0.0113; 0.2711; 53.31; 1.05; 25.14; 30.56; 1.03; 32.46; 0.5492; 0.0073; 0.1736; 0.4248; 0.0081; 0.1939; 3.58; 0.05; 1.19; 0.51; 0.02; 0.37; 29.14; 0.55; 11.45; 0
179; 0.5720; 0.0156; 0.0000; 0.0000; 0.5063;      0;      0;      0; 53.31; 1.05; 25.14; 30.56; 1.03; 32.46; 0.5492; 0.0073; 0.1736; 0.4248; 0.0081; 0.1939; 3.58; 0.05; 1.19; 0.51; 0.02; 0.37; 29.14; 0.55; 11.45; 0
180; 0.5720; 0.0156; 0.0000; 0.0000; 0.5063;      0;      0;      0; 49.79; 1.05; 25.03; 28.54; 0.98; 31.02; 0.5483; 0.0073; 0.1748; 0.4253; 0.0082; 0.1959; 3.57; 0.05; 1.19; 0.51; 0.02; 0.38; 29.14; 0.55; 11.45; 0
181; 0.5620; 0.0157; 0.0100; 0.0031; 0.5063;      0;      0;      0; 51.69; 1.05; 24.94; 29.10; 1.00; 31.70; 0.5425; 0.0074; 0.1750; 0.4321; 0.0081; 0.1930; 3.51; 0.05; 1.18; 0.48; 0.02; 0.37; 29.53; 0.55; 11.60; 0
182; 0.5620; 0.0157; 0.0000; 0.0000; 0.5063; 0.0015; 0.0125; 0.2970; 51.69; 1.05; 24.94; 29.10; 1.00; 31.70; 0.5425; 0.0074; 0.1750; 0.4321; 0.0081; 0.1930; 3.51; 0.05; 1.18; 0.48; 0.02; 0.37; 29.53; 0.55; 11.60; 0
183; 0.5620; 0.0157; 0.0000; 0.0000; 0.5063;      0;      0;      0; 51.69; 1.05; 24.94; 29.10; 1.00; 31.70; 0.5425; 0.0074; 0.1750; 0.4321; 0.0081; 0.1930; 3.51; 0.05; 1.18; 0.48; 0.02; 0.37; 29.53; 0.55; 11.60; 0
184; 0.5620; 0.0157; 0.0000; 0.0000; 0.5063;      0;      0;      0; 48.24; 1.04; 24.74; 27.16; 0.96; 30.25; 0.5408; 0.0074; 0.1754; 0.4336; 0.0084; 0.1981; 3.49; 0.05; 1.18; 0.49; 0.02; 0.38; 29.53; 0.55; 11.60; 0
185; 0.5460; 0.0157; 0.0160; 0.0040; 0.5063;      0;      0;      0; 50.77; 1.08; 25.27; 27.77; 0.99; 31.39; 0.5348; 0.0075; 0.1759; 0.4362; 0.0085; 0.1992; 3.45; 0.05; 1.14; 0.46; 0.02; 0.36; 30.14; 0.56; 11.84; 0
186; 0.5460; 0.0157; 0.0000; 0.0000; 0.5063; 0.0054; 0.0114; 0.2653; 50.77; 1.08; 25.27; 27.77; 0.99; 31.39; 0.5348; 0.0075; 0.1759; 0.4362; 0.0085; 0.1992; 3.45; 0.05; 1.14; 0.46; 0.02; 0.36; 30.14; 0.56; 11.84; 0
187; 0.5460; 0.0157; 0.0000; 0.0000; 0.5063;      0;      0;      0; 50.77; 1.08; 25.27; 27.77; 0.99; 31.39; 0.5348; 0.0075; 0.1759; 0.4362; 0.0085; 0.1992; 3.45; 0.05; 1.14; 0.46; 0.02; 0.36; 30.14; 0.56; 11.84; 0
188; 0.5450; 0.0157; 0.0010; 0.0010; 0.5063;      0;      0;      0; 47.33; 1.06; 24.72; 25.85; 0.94; 29.77; 0.5337; 0.0076; 0.1778; 0.4353; 0.0086; 0.2016; 3.44; 0.05; 1.14; 0.45; 0.02; 0.36; 30.18; 0.56; 11.85; 0
189; 0.5330; 0.0158; 0.0120; 0.0034; 0.5063;      0;      0;      0; 49.76; 1.10; 25.47; 26.55; 0.98; 31.00; 0.5240; 0.0079; 0.1814; 0.4459; 0.0087; 0.2011; 3.39; 0.05; 1.11; 0.42; 0.01; 0.35; 30.64; 0.56; 12.03; 0
190; 0.5330; 0.0158; 0.0000; 0.0000; 0.5063; 0.0123; 0.0125; 0.2893; 49.76; 1.10; 25.47; 26.55; 0.98; 31.00; 0.5240; 0.0079; 0.1814; 0.4459; 0.0087; 0.2011; 3.39; 0.05; 1.11; 0.42; 0.01; 0.35; 30.64; 0.56; 12.03; 0
191; 0.5330; 0.0158; 0.0000; 0.0000; 0.5063;      0;      0;      0; 49.76; 1.10; 25.47; 26.55; 0.98; 31.00; 0.5240; 0.0079; 0.1814; 0.4459; 0.0087; 0.2011; 3.39; 0.05; 1.11; 0.42; 0.01; 0.35; 30.64; 0.56; 12.03; 0
192; 0.5310; 0.0158; 0.0020; 0.0014; 0.5063;      0;      0;      0; 46.45; 1.08; 24.96; 24.70; 0.93; 29.44; 0.5242; 0.0079; 0.1810; 0.4460; 0.0087; 0.2013; 3.38; 0.05; 1.11; 0.42; 0.02; 0.35; 30.71; 0.56; 12.06; 0
193; 0.5230; 0.0158; 0.0080; 0.0028; 0.5063;      0;      0;      0; 48.67; 1.12; 25.72; 25.49; 0.97; 30.58; 0.5168; 0.0080; 0.1831; 0.4526; 0.0091; 0.2082; 3.30; 0.05; 1.08; 0.40; 0.01; 0.34; 31.02; 0.56; 12.19; 0
194; 0.5230; 0.0158; 0.0000; 0.0000; 0.5063; -0.0001; 0.0130; 0.2983; 48.67; 1.12; 25.72; 25.49; 0.97; 30.58; 0.5168; 0.0080; 0.1831; 0.4526; 0.0091; 0.2082; 3.30; 0.05; 1.08; 0.40; 0.01; 0.34; 31.02; 0.56; 12.19; 0
195; 0.5230; 0.0158; 0.0000; 0.0000; 0.5063;      0;      0;      0; 48.67; 1.12; 25.72; 25.49; 0.97; 30.58; 0.5168; 0.0080; 0.1831; 0.4526; 0.0091; 0.2082; 3.30; 0.05; 1.08; 0.40; 0.01; 0.34; 31.02; 0.56; 12.19; 0
196; 0.5230; 0.0158; 0.0000; 0.0000; 0.5063;      0;      0;      0; 45.25; 1.10; 25.21; 23.70; 0.92; 29.02; 0.5154; 0.0081; 0.1843; 0.4519; 0.0092; 0.2114; 3.28; 0.05; 1.09; 0.40; 0.02; 0.34; 31.02; 0.56; 12.19; 0
197; 0.5080; 0.0158; 0.0150; 0.0038; 0.5063;      0;      0;      0; 47.92; 1.17; 26.32; 24.39; 0.96; 30.40; 0.5071; 0.0082; 0.1848; 0.4581; 0.0095; 0.2135; 3.21; 0.05; 1.08; 0.39; 0.02; 0.35; 31.60; 0.56; 12.44; 0
198; 0.5080; 0.0158; 0.0000; 0.0000; 0.5063; -0.0044; 0.0122; 0.2756; 47.92; 1.17; 26.32; 24.39; 0.96; 30.40; 0.5071; 0.0082; 0.1848; 0.4581; 0.0095; 0.2135; 3.21; 0.05; 1.08; 0.39; 0.02; 0.35; 31.60; 0.56; 12.44; 0
199; 0.5080; 0.0158; 0.0000; 0.0000; 0.5063;      0;      0;      0; 47.92; 1.17; 26.32; 24.39; 0.96; 30.40; 0.5071; 0.0082; 0.1848; 0.4581; 0.0095; 0.2135; 3.21; 0.05; 1.08; 0.39; 0.02; 0.35; 31.60; 0.56; 12.44; 0
200; 0.5050; 0.0158; 0.0030; 0.0017; 0.5063;      0;      0;      0; 45.03; 1.14; 25.51; 22.78; 0.91; 28.87; 0.5056; 0.0083; 0.1857; 0.4598; 0.0096; 0.2151; 3.20; 0.05; 1.08; 0.38; 0.02; 0.35; 31.71; 0.56; 12.48; 0
201; 0.4830; 0.0158; 0.0220; 0.0046; 0.5063;      0;      0;      0; 48.06; 1.18; 25.88; 23.28; 0.95; 29.96; 0.4995; 0.0084; 0.1847; 0.4683; 0.0096; 0.2106; 3.18; 0.05; 1.06; 0.36; 0.01; 0.33; 32.53; 0.56; 12.82; 51
202; 0.4830; 0.0158; 0.0000; 0.0000; 0.5063; -0.0006; 0.0129; 0.2828; 48.06; 1.18; 25.88; 23.28; 0.95; 29.96; 0.4995; 0.0084; 0.1847; 0.4683; 0.0096; 0.2106; 3.18; 0.05; 1.06; 0.36; 0.01; 0.33; 32.53; 0.56; 12.82; 51
203; 0.4830; 0.0158; 0.0000; 0.0000; 0.5063;      0;      0;      0; 48.06; 1.18; 25.88; 23.28; 0.95; 29.96; 0.4995; 0.0084; 0.1847; 0.4683; 0.0096; 0.2106; 3.18; 0.05; 1.06; 0.36; 0.01; 0.33; 32.53; 0.56; 12.82; 51
204; 0.4830; 0.0158; 0.0000; 0.0000; 0.5063;      0;      0;      0; 44.77; 1.16; 25.49; 21.68; 0.90; 28.50; 0.4991; 0.0084; 0.1837; 0.4677; 0.0096; 0.2105; 3.16; 0.05; 1.06; 0.36; 0.01; 0.33; 32.53; 0.56; 12.82; 51
205; 0.4640; 0.0158; 0.0190; 0.0043; 0.5063;      0;      0;      0; 47.21; 1.19; 25.68; 21.97; 0.93; 29.29; 0.4947; 0.0086; 0.1859; 0.4732; 0.0097; 0.2082; 3.12; 0.05; 1.05; 0.34; 0.01; 0.32; 33.22; 0.57; 13.10; 51
206; 0.4640; 0.0158; 0.0000; 0.0000; 0.5063; -0.0105; 0.0129; 0.2773; 47.21; 1.19; 25.68; 21.97; 0.93; 29.29; 0.4947; 0.0086; 0.1859; 0.4732; 0.0097; 0.2082; 3.12; 0.05; 1.05; 0.34; 0.01; 0.32; 33.22; 0.57; 13.10; 51
207; 0.4640; 0.0158; 0.0000; 0.0000; 0.5063;      0;      0;      0; 47.21; 1.19; 25.68; 21.97; 0.93; 29.29; 0.4947; 0.0086; 0.1859; 0.4732; 0.0097; 0.2082; 3.12; 0.05; 1.05; 0.34; 0.01; 0.32; 33.22; 0.57; 13.10; 51
208; 0.4620; 0.0158; 0.0020; 0.0014; 0.5063;      0;      0;      0; 44.32; 1.17; 25.15; 20.53; 0.88; 27.90; 0.4945; 0.0086; 0.1848; 0.4748; 0.0097; 0.2081; 3.12; 0.05; 1.05; 0.34; 0.02; 0.32; 33.29; 0.57; 13.12; 51
209; 0.4500; 0.0157; 0.0120; 0.0034; 0.5063;      0;      0;      0; 46.51; 1.22; 25.96; 20.98; 0.91; 28.93; 0.4862; 0.0087; 0.1852; 0.4818; 0.0098; 0.2078; 3.06; 0.05; 1.03; 0.32; 0.02; 0.32; 33.72; 0.57; 13.29; 51
210; 0.4500; 0.0157; 0.0000; 0.0000; 0.5063; -0.0026; 0.0143; 0.3028; 46.51; 1.22; 25.96; 20.98; 0.91; 28.93; 0.4862; 0.0087; 0.1852; 0.4818; 0.0098; 0.2078; 3.06; 0.05; 1.03; 0.32; 0.02; 0.32; 33.72; 0.57; 13.29; 51
211; 0.4500; 0.0157; 0.0000; 0.0000; 0.5063;      0;      0;      0; 46.51; 1.22; 25.96; 20.98; 0.91; 28.93; 0.4862; 0.0087; 0.1852; 0.4818; 0.0098; 0.2078; 3.06; 0.05; 1.03; 0.32; 0.02; 0.32; 33.72; 0.57; 13.29; 51
212; 0.4490; 0.0157; 0.0010; 0.0010; 0.5063;      0;      0;      0; 43.48; 1.19; 25.25; 19.57; 0.87; 27.43; 0.4860; 0.0088; 0.1862; 0.4831; 0.0098; 0.2080; 3.05; 0.05; 1.02; 0.32; 0.02; 0.32; 33.75; 0.57; 13.31; 51
213; 0.4380; 0.0157; 0.0110; 0.0033; 0.5063;      0;      0;      0; 44.00; 1.19; 24.81; 19.31; 0.86; 27.29; 0.4777; 0.0092; 0.1933; 0.4879; 0.0103; 0.2159; 2.98; 0.05; 1.03; 0.30; 0.01; 0.31; 34.15; 0.57; 13.47; 51
214; 0.4380; 0.0157; 0.0000; 0.0000; 0.5063; -0.0416; 0.0128; 0.2685; 44.00; 1.19; 24.81; 19.31; 0.86; 27.29; 0.4777; 0.0092; 0.1933; 0.4879; 0.0103; 0.2159; 2.98; 0.05; 1.03; 0.30; 0.01; 0.31; 34.15; 0.57; 13.47; 51
215; 0.4380; 0.0157; 0.0000; 0.0000; 0.5063;      0;      0;      0; 44.00; 1.19; 24.81; 19.31; 0.86; 27.29; 0.4777; 0.0092; 0.1933; 0.4879; 0.0103; 0.2159; 2.98; 0.05; 1.03; 0.30; 0.01; 0.31; 34.15; 0.57; 13.47; 51
216; 0.4360; 0.0157; 0.0020; 0.0014; 0.5063;      0;      0;      0; 40.92; 1.15; 23.95; 17.88; 0.81; 25.71; 0.4799; 0.0091; 0.1909; 0.4857; 0.0103; 0.2147; 2.98; 0.05; 1.02; 0.30; 0.01; 0.31; 34.22; 0.57; 13.50; 51
217; 0.4150; 0.0156; 0.0210; 0.0045; 0.5063;      0;      0;      0; 44.62; 1.25; 25.41; 18.57; 0.87; 27.38; 0.4688; 0.0098; 0.2002; 0.5011; 0.0111; 0.2264; 2.90; 0.05; 1.05; 0.28; 0.01; 0.29; 34.97; 0.57; 13.81; 51
218; 0.4150; 0.0156; 0.0000; 0.0000; 0.5063; -0.0028; 0.0152; 0.3094; 44.62; 1.25; 25.41; 18.57; 0.87; 27.38; 0.4688; 0.0098; 0.2002; 0.5011; 0.0111; 0.2264; 2.90; 0.05; 1.05; 0.28; 0.01; 0.29; 34.97; 0.57; 13.81; 51
219; 0.4150; 0.0156; 0.0000; 0.0000; 0.5063;      0;      0;      0; 44.62; 1.25; 25.41; 18.57; 0.87; 27.38; 0.4688; 0.0098; 0.2002; 0.5011; 0.0111; 0.2264; 2.90; 0.05; 1.05; 0.28; 0.01; 0.29; 34.97; 0.57; 13.81; 51
220; 0.4120; 0.0156; 0.0030; 0.0017; 0.5063;      0;      0;      0; 41.89; 1.21; 24.64; 17.31; 0.82; 25.95; 0.4706; 0.0098; 0.1986; 0.4996; 0.0111; 0.2249; 2.91; 0.05; 1.05; 0.27; 0.01; 0.28; 35.07; 0.57; 13.85; 51
221; 0.3960; 0.0155; 0.0160; 0.0040; 0.5063;      0;      0;      0; 44.51; 1.27; 25.28; 17.67; 0.85; 26.93; 0.4656; 0.0101; 0.2007; 0.5031; 0.0114; 0.2278; 2.89; 0.05; 1.04; 0.25; 0.01; 0.28; 35.62; 0.57; 14.07; 51
222; 0.3960; 0.0155; 0.0000; 0.0000; 0.5063; -0.0061; 0.0136; 0.2700; 44.51; 1.27; 25.28; 17.67; 0.85; 26.93; 0.4656; 0.0101; 0.2007; 0.5031; 0.0114; 0.2278; 2.89; 0.05; 1.04; 0.25; 0.01; 0.28; 35.62; 0.57; 14.07; 51
223; 0.3960; 0.0155; 0.0000; 0.0000; 0.5063;      0;      0;      0; 44.51; 1.27; 25.28; 17.67; 0.85; 26.93; 0.4656; 0.0101; 0.2007; 0.5031; 0.0114; 0.2278; 2.89; 0.05; 1.04; 0.25; 0.01; 0.28; 35.62; 0.57; 14.07; 51
224; 0.3930; 0.0154; 0.0030; 0.0017; 0.5063;      0;      0;      0; 41.92; 1.22; 24.24; 16.53; 0.81; 25.47; 0.4656; 0.0102; 0.2016; 0.5032; 0.0116; 0.2295; 2.89; 0.05; 1.04; 0.25; 0.01; 0.28; 35.72; 0.57; 14.11; 51
225; 0.3860; 0.0154; 0.0070; 0.0026; 0.5063;      0;      0;      0; 43.12; 1.26; 24.71; 16.68; 0.82; 25.99; 0.4516; 0.0106; 0.2091; 0.5124; 0.0122; 0.2388; 2.82; 0.05; 1.01; 0.24; 0.01; 0.28; 35.97; 0.57; 14.21; 51
226; 0.3860; 0.0154; 0.0000; 0.0000; 0.5063; -0.0226; 0.0141; 0.2764; 43.12; 1.26; 24.71; 16.68; 0.82; 25.99; 0.4516; 0.0106; 0.2091; 0.5124; 0.0122; 0.2388; 2.82; 0.05; 1.01; 0.24; 0.01; 0.28; 35.97; 0.57; 14.21; 51
227; 0.3860; 0.0154; 0.0000; 0.0000; 0.5063;      0;      0;      0; 43.12; 1.26; 24.71; 16.68; 0.82; 25.99; 0.4516; 0.0106; 0.2091; 0.5124; 0.0122; 0.2388; 2.82; 0.05; 1.01; 0.24; 0.01; 0.28; 35.97; 0.57; 14.21; 51
228; 0.3840; 0.0154; 0.0020; 0.0014; 0.5063;      0;      0;      0; 40.24; 1.22; 23.84; 15.49; 0.77; 24.50; 0.4525; 0.0106; 0.2076; 0.5102; 0.0122; 0.2399; 2.82; 0.05; 1.00; 0.24; 0.01; 0.28; 36.04; 0.57; 14.23; 51
229; 0.3720; 0.0153; 0.0120; 0.0034; 0.5063;      0;      0;      0; 42.49; 1.27; 24.58; 15.84; 0.80; 25.41; 0.4476; 0.0108; 0.2078; 0.5189; 0.0122; 0.2359; 2.78; 0.05; 0.97; 0.23; 0.01; 0.27; 36.46; 0.58; 14.41; 51
230; 0.3720; 0.0153; 0.0000; 0.0000; 0.5063; -0.0072; 0.0140; 0.2709; 42.49; 1.27; 24.58; 15.84; 0.80; 25.41; 0.4476; 0.0108; 0.2078; 0.5189; 0.0122; 0.2359; 2.78; 0.05; 0.97; 0.23; 0.01; 0.27; 36.46; 0.58; 14.41; 51
231; 0.3720; 0.0153; 0.0000; 0.0000; 0.5063;      0;      0;      0; 42.49; 1.27; 24.58; 15.84; 0.80; 25.41; 0.4476; 0.0108; 0.2078; 0.5189; 0.0122; 0.2359; 2.78; 0.05; 0.97; 0.23; 0.01; 0.27; 36.46; 0.58; 14.41; 51
232; 0.3700; 0.0153; 0.0020; 0.0014; 0.5063;      0;      0;      0; 39.55; 1.24; 23.77; 14.66; 0.76; 23.94; 0.4454; 0.0108; 0.2073; 0.5191; 0.0122; 0.2352; 2.78; 0.05; 0.97; 0.23; 0.01; 0.27; 36.52; 0.58; 14.44; 51
233; 0.3550; 0.0151; 0.0150; 0.0038; 0.5063;      0;      0;      0; 42.36; 1.29; 24.27; 15.06; 0.79; 24.88; 0.4408; 0.0111; 0.2084; 0.5346; 0.0121; 0.2285; 2.75; 0.05; 0.98; 0.20; 0.01; 0.24; 37.05; 0.58; 14.67; 51
234; 0.3550; 0.0151; 0.0000; 0.0000; 0.5063; 0.0004; 0.0149; 0.2803; 42.36; 1.29; 24.27; 15.06; 0.79; 24.88; 0.4408; 0.0111; 0.2084; 0.5346; 0.0121; 0.2285; 2.75; 0.05; 0.98; 0.20; 0.01; 0.24; 37.05; 0.58; 14.67; 51
235; 0.3550; 0.0151; 0.0000; 0.0000; 0.5063;      0;      0;      0; 42.36; 1.29; 24.27; 15.06; 0.79; 24.88; 0.4408; 0.0111; 0.2084; 0.5346; 0.0121; 0.2285; 2.75; 0.05; 0.98; 0.20; 0.01; 0.24; 37.05; 0.58; 14.67; 51
236; 0.3540; 0.0151; 0.0010; 0.0010; 0.5063;      0;      0;      0; 39.50; 1.24; 23.33; 14.01; 0.74; 23.43; 0.4405; 0.0111; 0.2095; 0.5321; 0.0123; 0.2318; 2.74; 0.05; 0.99; 0.20; 0.01; 0.24; 37.08; 0.58; 14.68; 51
237; 0.3450; 0.0150; 0.0090; 0.0030; 0.5063;      0;      0;      0; 41.81; 1.33; 24.66; 14.44; 0.78; 24.58; 0.4329; 0.0114; 0.2109; 0.5372; 0.0127; 0.2356; 2.69; 0.05; 0.98; 0.19; 0.01; 0.23; 37.40; 0.58; 14.83; 51
238; 0.3450; 0.0150; 0.0000; 0.0000; 0.5063; 0.0014; 0.0134; 0.2496; 41.81; 1.33; 24.66; 14.44; 0.78; 24.58; 0.4329; 0.0114; 0.2109; 0.5372; 0.0127; 0.2356; 2.69; 0.05; 0.98; 0.19; 0.01; 0.23; 37.40; 0.58; 14.83; 51
239; 0.3450; 0.0150; 0.0000; 0.0000; 0.5063;      0;      0;      0; 41.81; 1.33; 24.66; 14.44; 0.78; 24.58; 0.4329; 0.0114; 0.2109; 0.5372; 0.0127; 0.2356; 2.69; 0.05; 0.98; 0.19; 0.01; 0.23; 37.40; 0.58; 14.83; 51
240; 0.3420; 0.0150; 0.0030; 0.0017; 0.5063;      0;      0;      0; 39.54; 1.29; 23.89; 13.55; 0.74; 23.37; 0.4318; 0.0114; 0.2108; 0.5376; 0.0128; 0.2376; 2.68; 0.05; 0.98; 0.18; 0.01; 0.23; 37.50; 0.58; 14.87; 51
241; 0.3270; 0.0148; 0.0150; 0.0038; 0.5063;      0;      0;      0; 41.92; 1.37; 24.81; 13.75; 0.77; 24.23; 0.4327; 0.0114; 0.2062; 0.5412; 0.0129; 0.2341; 2.64; 0.05; 0.97; 0.18; 0.01; 0.22; 38.02; 0.58; 15.11; 51
242; 0.3270; 0.0148; 0.0000; 0.0000; 0.5063; -0.0209; 0.0155; 0.2806; 41.92; 1.37; 24.81; 13.75; 0.77; 24.23; 0.4327; 0.0114; 0.2062; 0.5412; 0.0129; 0.2341; 2.64; 0.05; 0.97; 0.18; 0.01; 0.22; 38.02; 0.58; 15.11; 51
243; 0.3270; 0.0148; 0.0000; 0.0000; 0.5063;      0;      0;      0; 41.92; 1.37; 24.81; 13.75; 0.77; 24.23; 0.4327; 0.0114; 0.2062; 0.5412; 0.0129; 0.2341; 2.64; 0.05; 0.97; 0.18; 0.01; 0.22; 38.02; 0.58; 15.11; 51
244; 0.3250; 0.0148; 0.0020; 0.0014; 0.5063;      0;      0;      0; 39.46; 1.34; 24.14; 12.87; 0.73; 23.02; 0.4304; 0.0113; 0.2038; 0.5424; 0.0128; 0.2311; 2.63; 0.05; 0.96; 0.18; 0.01; 0.22; 38.09; 0.58; 15.14; 51
245; 0.3120; 0.0147; 0.0130; 0.0036; 0.5063;      0;      0;      0; 41.59; 1.41; 24.92; 13.02; 0.75; 23.75; 0.4279; 0.0117; 0.2058; 0.5442; 0.0132; 0.2337; 2.61; 0.05; 0.96; 0.17; 0.01; 0.21; 38.54; 0.58; 15.34; 51
246; 0.3120; 0.0147; 0.0000; 0.0000; 0.5063; -0.0134; 0.0141; 0.2489; 41.59; 1.41; 24.92; 13.02; 0.75; 23.75; 0.4279; 0.0117; 0.2058; 0.5442; 0.0132; 0.2337; 2.61; 0.05; 0.96; 0.17; 0.01; 0.21; 38.54; 0.58; 15.34; 51
247; 0.3120; 0.0147; 0.0000; 0.0000; 0.5063;      0;      0;      0; 41.59; 1.41; 24.92; 13.02; 0.75; 23.75; 0.4279; 0.0117; 0.2058; 0.5442; 0.0132; 0.2337; 2.61; 0.05; 0.96; 0.17; 0.01; 0.21; 38.54; 0.58; 15.34; 51
248; 0.3100; 0.0146; 0.0020; 0.0014; 0.5063;      0;      0;      0; 38.76; 1.36; 23.93; 12.07; 0.71; 22.31; 0.4268; 0.0117; 0.2064; 0.5466; 0.0134; 0.2355; 2.60; 0.05; 0.96; 0.17; 0.01; 0.21; 38.61; 0.59; 15.37; 51
249; 0.3040; 0.0145; 0.0060; 0.0024; 0.5063;      0;      0;      0; 39.77; 1.40; 24.35; 12.12; 0.72; 22.68; 0.4162; 0.0122; 0.2123; 0.5533; 0.0138; 0.2400; 2.55; 0.06; 0.96; 0.16; 0.01; 0.21; 38.82; 0.59; 15.47; 51
250; 0.3040; 0.0145; 0.0000; 0.0000; 0.5063; -0.0346; 0.0169; 0.2951; 39.77; 1.40; 24.35; 12.12; 0.72; 22.68; 0.4162; 0.0122; 0.2123; 0.5533; 0.0138; 0.2400; 2.55; 0.06; 0.96; 0.16; 0.01; 0.21; 38.82; 0.59; 15.47; 51
251; 0.3040; 0.0145; 0.0000; 0.0000; 0.5063;      0;      0;      0; 39.77; 1.40; 24.35; 12.12; 0.72; 22.68; 0.4162; 0.0122; 0.2123; 0.5533; 0.0138; 0.2400; 2.55; 0.06; 0.96; 0.16; 0.01; 0.21; 38.82; 0.59; 15.47; 51
252; 0.3040; 0.0145; 0.0000; 0.0000; 0.5063;      0;      0;      0; 37.01; 1.34; 23.33; 11.28; 0.67; 21.32; 0.4168; 0.0121; 0.2118; 0.5523; 0.0138; 0.2412; 2.54; 0.05; 0.95; 0.16; 0.01; 0.21; 38.82; 0.59; 15.47; 51
253; 0.2880; 0.0143; 0.0160; 0.0040; 0.5063;      0;      0;      0; 38.95; 1.40; 23.76; 11.24; 0.69; 21.75; 0.4166; 0.0127; 0.2147; 0.5508; 0.0146; 0.2478; 2.52; 0.05; 0.93; 0.15; 0.01; 0.21; 39.39; 0.59; 15.75; 51
254; 0.2880; 0.0143; 0.0000; 0.0000; 0.5063; -0.0309; 0.0144; 0.2450; 38.95; 1.40; 23.76; 11.24; 0.69; 21.75; 0.4166; 0.0127; 0.2147; 0.5508; 0.0146; 0.2478; 2.52; 0.05; 0.93; 0.15; 0.01; 0.21; 39.39; 0.59; 15.75; 51
255; 0.2880; 0.0143; 0.0000; 0.0000; 0.5063;      0;      0;      0; 38.95; 1.40; 23.76; 11.24; 0.69; 21.75; 0.4166; 0.0127; 0.2147; 0.5508; 0.0146; 0.2478; 2.52; 0.05; 0.93; 0.15; 0.01; 0.21; 39.39; 0.59; 15.75; 51
256; 0.2880; 0.0143; 0.0000; 0.0000; 0.5063;      0;      0;      0; 36.00; 1.35; 22.89; 10.39; 0.65; 20.40; 0.4141; 0.0127; 0.2156; 0.5522; 0.0147; 0.2501; 2.51; 0.05; 0.93; 0.15; 0.01; 0.21; 39.39; 0.59; 15.75; 51
257; 0.2780; 0.0142; 0.0100; 0.0031; 0.5063;      0;      0;      0; 37.23; 1.44; 23.97; 10.37; 0.66; 20.91; 0.4057; 0.0129; 0.2143; 0.5571; 0.0150; 0.2493; 2.47; 0.05; 0.91; 0.14; 0.01; 0.21; 39.74; 0.59; 15.92; 51
258; 0.2780; 0.0142; 0.0000; 0.0000; 0.5063; -0.0471; 0.0178; 0.2974; 37.23; 1.44; 23.97; 10.37; 0.66; 20.91; 0.4057; 0.0129; 0.2143; 0.5571; 0.0150; 0.2493; 2.47; 0.05; 0.91; 0.14; 0.01; 0.21; 39.74; 0.59; 15.92; 51
259; 0.2780; 0.0142; 0.0000; 0.0000; 0.5063;      0;      0;      0; 37.23; 1.44; 23.97; 10.37; 0.66; 20.91; 0.4057; 0.0129; 0.2143; 0.5571; 0.0150; 0.2493; 2.47; 0.05; 0.91; 0.14; 0.01; 0.21; 39.74; 0.59; 15.92; 51
260; 0.2770; 0.0142; 0.0010; 0.0010; 0.5063;      0;      0;      0; 34.61; 1.38; 23.02; 9.61; 0.62; 19.65; 0.4035; 0.0128; 0.2139; 0.5599; 0.0150; 0.2490; 2.46; 0.05; 0.91; 0.14; 0.01; 0.21; 39.78; 0.59; 15.94; 51
261; 0.2640; 0.0139; 0.0130; 0.0036; 0.5063;      0;      0;      0; 35.86; 1.43; 23.17; 9.50; 0.63; 19.78; 0.3956; 0.0133; 0.2163; 0.5704; 0.0152; 0.2475; 2.45; 0.06; 0.92; 0.13; 0.01; 0.20; 40.24; 0.60; 16.17; 51
262; 0.2640; 0.0139; 0.0000; 0.0000; 0.5063; -0.0423; 0.0174; 0.2824; 35.86; 1.43; 23.17; 9.50; 0.63; 19.78; 0.3956; 0.0133; 0.2163; 0.5704; 0.0152; 0.2475; 2.45; 0.06; 0.92; 0.13; 0.01; 0.20; 40.24; 0.60; 16.17; 51
263; 0.2640; 0.0139; 0.0000; 0.0000; 0.5063;      0;      0;      0; 35.86; 1.43; 23.17; 9.50; 0.63; 19.78; 0.3956; 0.0133; 0.2163; 0.5704; 0.0152; 0.2475; 2.45; 0.06; 0.92; 0.13; 0.01; 0.20; 40.24; 0.60; 16.17; 51
264; 0.2630; 0.0139; 0.0010; 0.0010; 0.5063;      0;      0;      0; 33.33; 1.36; 22.00; 8.80; 0.58; 18.49; 0.3949; 0.0134; 0.2172; 0.5694; 0.0155; 0.2520; 2.44; 0.06; 0.91; 0.13; 0.01; 0.20; 40.27; 0.60; 16.19; 51
265; 0.2480; 0.0137; 0.0150; 0.0038; 0.5063;      0;      0;      0; 35.01; 1.51; 23.75; 8.73; 0.61; 19.18; 0.3946; 0.0140; 0.2209; 0.5690; 0.0163; 0.2570; 2.41; 0.06; 0.91; 0.13; 0.01; 0.20; 40.81; 0.60; 16.45; 51
266; 0.2480; 0.0137; 0.0000; 0.0000; 0.5063; -0.0742; 0.0177; 0.2781; 35.01; 1.51; 23.75; 8.73; 0.61; 19.18; 0.3946; 0.0140; 0.2209; 0.5690; 0.0163; 0.2570; 2.41; 0.06; 0.91; 0.13; 0.01; 0.20; 40.81; 0.60; 16.45; 51
267; 0.2480; 0.0137; 0.0000; 0.0000; 0.5063;      0;      0;      0; 35.01; 1.51; 23.75; 8.73; 0.61; 19.18; 0.3946; 0.0140; 0.2209; 0.5690; 0.0163; 0.2570; 2.41; 0.06; 0.91; 0.13; 0.01; 0.20; 40.81; 0.60; 16.45; 51
268; 0.2450; 0.0136; 0.0030; 0.0017; 0.5063;      0;      0;      0; 32.80; 1.45; 22.62; 8.08; 0.57; 17.99; 0.3922; 0.0142; 0.2224; 0.5731; 0.0164; 0.2569; 2.40; 0.06; 0.92; 0.13; 0.01; 0.20; 40.91; 0.60; 16.50; 51
269; 0.2310; 0.0133; 0.0140; 0.0037; 0.5063;      0;      0;      0; 34.95; 1.52; 23.05; 8.12; 0.58; 18.41; 0.3908; 0.0144; 0.2185; 0.5839; 0.0165; 0.2503; 2.40; 0.06; 0.89; 0.12; 0.01; 0.20; 41.40; 0.60; 16.75; 51
270; 0.2310; 0.0133; 0.0000; 0.0000; 0.5063; -0.0308; 0.0196; 0.2983; 34.95; 1.52; 23.05; 8.12; 0.58; 18.41; 0.3908; 0.0144; 0.2185; 0.5839; 0.0165; 0.2503; 2.40; 0.06; 0.89; 0.12; 0.01; 0.20; 41.40; 0.60; 16.75; 51
271; 0.2310; 0.0133; 0.0000; 0.0000; 0.5063;      0;      0;      0; 34.95; 1.52; 23.05; 8.12; 0.58; 18.41; 0.3908; 0.0144; 0.2185; 0.5839; 0.0165; 0.2503; 2.40; 0.06; 0.89; 0.12; 0.01; 0.20; 41.40; 0.60; 16.75; 51
272; 0.2310; 0.0133; 0.0000; 0.0000; 0.5063;      0;      0;      0; 32.64; 1.45; 22.11; 7.58; 0.55; 17.36; 0.3889; 0.0145; 0.2203; 0.5823; 0.0169; 0.2563; 2.39; 0.06; 0.89; 0.13; 0.01; 0.21; 41.40; 0.60; 16.75; 51
273; 0.2130; 0.0129; 0.0180; 0.0042; 0.5063;      0;      0;      0; 35.13; 1.53; 22.26; 7.52; 0.56; 17.66; 0.3857; 0.0150; 0.2192; 0.5856; 0.0171; 0.2502; 2.39; 0.06; 0.90; 0.11; 0.01; 0.19; 42.04; 0.61; 17.06; 51
274; 0.2130; 0.0129; 0.0000; 0.0000; 0.5063; -0.0207; 0.0170; 0.2478; 35.13; 1.53; 22.26; 7.52; 0.56; 17.66; 0.3857; 0.0150; 0.2192; 0.5856; 0.0171; 0.2502; 2.39; 0.06; 0.90; 0.11; 0.01; 0.19; 42.04; 0.61; 17.06; 51
275; 0.2130; 0.0129; 0.0000; 0.0000; 0.5063;      0;      0;      0; 35.13; 1.53; 22.26; 7.52; 0.56; 17.66; 0.3857; 0.0150; 0.2192; 0.5856; 0.0171; 0.2502; 2.39; 0.06; 0.90; 0.11; 0.01; 0.19; 42.04; 0.61; 17.06; 51
276; 0.2120; 0.0129; 0.0010; 0.0010; 0.5063;      0;      0;      0; 32.50; 1.46; 21.21; 6.93; 0.52; 16.47; 0.3854; 0.0150; 0.2179; 0.5867; 0.0171; 0.2490; 2.38; 0.06; 0.89; 0.12; 0.01; 0.19; 42.07; 0.61; 17.08; 51
277; 0.2040; 0.0127; 0.0080; 0.0028; 0.5063;      0;      0;      0; 34.82; 1.59; 22.67; 7.13; 0.55; 17.36; 0.3843; 0.0151; 0.2156; 0.5823; 0.0178; 0.2543; 2.33; 0.06; 0.86; 0.11; 0.01; 0.21; 42.35; 0.61; 17.22; 51
278; 0.2040; 0.0127; 0.0000; 0.0000; 0.5063; -0.0032; 0.0181; 0.2591; 34.82; 1.59; 22.67; 7.13; 0.55; 17.36; 0.3843; 0.0151; 0.2156; 0.5823; 0.0178; 0.2543; 2.33; 0.06; 0.86; 0.11; 0.01; 0.21; 42.35; 0.61; 17.22; 51
279; 0.2040; 0.0127; 0.0000; 0.0000; 0.5063;      0;      0;      0; 34.82; 1.59; 22.67; 7.13; 0.55; 17.36; 0.3843; 0.0151; 0.2156; 0.5823; 0.0178; 0.2543; 2.33; 0.06; 0.86; 0.11; 0.01; 0.21; 42.35; 0.61; 17.22; 51
280; 0.2030; 0.0127; 0.0010; 0.0010; 0.5063;      0;      0;      0; 32.75; 1.55; 22.03; 6.68; 0.52; 16.48; 0.3823; 0.0152; 0.2165; 0.5839; 0.0181; 0.2574; 2.31; 0.06; 0.85; 0.11; 0.01; 0.21; 42.39; 0.61; 17.24; 51
281; 0.1970; 0.0126; 0.0060; 0.0024; 0.5063;      0;      0;      0; 33.17; 1.61; 22.54; 6.56; 0.52; 16.55; 0.3740; 0.0156; 0.2189; 0.5872; 0.0186; 0.2610; 2.25; 0.06; 0.84; 0.11; 0.02; 0.22; 42.60; 0.61; 17.35; 51
282; 0.1970; 0.0126; 0.0000; 0.0000; 0.5063; -0.0620; 0.0187; 0.2629; 33.17; 1.61; 22.54; 6.56; 0.52; 16.55; 0.3740; 0.0156; 0.2189; 0.5872; 0.0186; 0.2610; 2.25; 0.06; 0.84; 0.11; 0.02; 0.22; 42.60; 0.61; 17.35; 51
283; 0.1970; 0.0126; 0.0000; 0.0000; 0.5063;      0;      0;      0; 33.17; 1.61; 22.54; 6.56; 0.52; 16.55; 0.3740; 0.0156; 0.2189; 0.5872; 0.0186; 0.2610; 2.25; 0.06; 0.84; 0.11; 0.02; 0.22; 42.60; 0.61; 17.35; 51
284; 0.1960; 0.0126; 0.0010; 0.0010; 0.5063;      0;      0;      0; 30.91; 1.54; 21.49; 6.08; 0.49; 15.51; 0.3738; 0.0158; 0.2205; 0.5863; 0.0190; 0.2661; 2.25; 0.06; 0.84; 0.11; 0.02; 0.22; 42.63; 0.61; 17.37; 51
285; 0.1860; 0.0123; 0.0100; 0.0031; 0.5063;      0;      0;      0; 32.24; 1.65; 22.49; 6.01; 0.50; 15.84; 0.3677; 0.0161; 0.2198; 0.5853; 0.0195; 0.2665; 2.23; 0.06; 0.83; 0.10; 0.01; 0.20; 43.00; 0.62; 17.56; 51
286; 0.1860; 0.0123; 0.0000; 0.0000; 0.5063; -0.0633; 0.0209; 0.2847; 32.24; 1.65; 22.49; 6.01; 0.50; 15.84; 0.3677; 0.0161; 0.2198; 0.5853; 0.0195; 0.2665; 2.23; 0.06; 0.83; 0.10; 0.01; 0.20; 43.00; 0.62; 17.56; 51
287; 0.1860; 0.0123; 0.0000; 0.0000; 0.5063;      0;      0;      0; 32.24; 1.65; 22.49; 6.01; 0.50; 15.84; 0.3677; 0.0161; 0.2198; 0.5853; 0.0195; 0.2665; 2.23; 0.06; 0.83; 0.10; 0.01; 0.20; 43.00; 0.62; 17.56; 51
288; 0.1860; 0.0123; 0.0000; 0.0000; 0.5063;      0;      0;      0; 30.16; 1.58; 21.55; 5.62; 0.47; 14.96; 0.3685; 0.0161; 0.2199; 0.5836; 0.0195; 0.2664; 2.22; 0.06; 0.83; 0.10; 0.01; 0.20; 43.00; 0.62; 17.56; 51
289; 0.1670; 0.0118; 0.0190; 0.0043; 0.5063;      0;      0;      0; 33.49; 1.72; 22.17; 5.62; 0.49; 15.41; 0.3650; 0.0166; 0.2145; 0.5964; 0.0196; 0.2527; 2.24; 0.06; 0.82; 0.11; 0.02; 0.22; 43.68; 0.62; 17.93; 51
290; 0.1670; 0.0118; 0.0000; 0.0000; 0.5063; -0.0233; 0.0216; 0.2786; 33.49; 1.72; 22.17; 5.62; 0.49; 15.41; 0.3650; 0.0166; 0.2145; 0.5964; 0.0196; 0.2527; 2.24; 0.06; 0.82; 0.11; 0.02; 0.22; 43.68; 0.62; 17.93; 51
291; 0.1670; 0.0118; 0.0000; 0.0000; 0.5063;      0;      0;      0; 33.49; 1.72; 22.17; 5.62; 0.49; 15.41; 0.3650; 0.0166; 0.2145; 0.5964; 0.0196; 0.2527; 2.24; 0.06; 0.82; 0.11; 0.02; 0.22; 43.68; 0.62; 17.93; 51
292; 0.1670; 0.0118; 0.0000; 0.0000; 0.5063;      0;      0;      0; 30.84; 1.66; 21.39; 5.18; 0.46; 14.43; 0.3638; 0.0166; 0.2142; 0.6014; 0.0193; 0.2495; 2.23; 0.06; 0.82; 0.11; 0.02; 0.22; 43.68; 0.62; 17.93; 51
293; 0.1550; 0.0114; 0.0120; 0.0034; 0.5063;      0;      0;      0; 31.25; 1.79; 22.31; 4.89; 0.45; 14.30; 0.3590; 0.0173; 0.2152; 0.6043; 0.0196; 0.2446; 2.23; 0.07; 0.81; 0.09; 0.02; 0.19; 44.11; 0.62; 18.16; 51
294; 0.1550; 0.0114; 0.0000; 0.0000; 0.5063; -0.1175; 0.0224; 0.2789; 31.25; 1.79; 22.31; 4.89; 0.45; 14.30; 0.3590; 0.0173; 0.2152; 0.6043; 0.0196; 0.2446; 2.23; 0.07; 0.81; 0.09; 0.02; 0.19; 44.11; 0.62; 18.16; 51
295; 0.1550; 0.0114; 0.0000; 0.0000; 0.5063;      0;      0;      0; 31.25; 1.79; 22.31; 4.89; 0.45; 14.30; 0.3590; 0.0173; 0.2152; 0.6043; 0.0196; 0.2446; 2.23; 0.07; 0.81; 0.09; 0.02; 0.19; 44.11; 0.62; 18.16; 51
296; 0.1530; 0.0114; 0.0020; 0.0014; 0.5063;      0;      0;      0; 29.40; 1.73; 21.43; 4.54; 0.43; 13.48; 0.3559; 0.0176; 0.2178; 0.6086; 0.0201; 0.2491; 2.22; 0.07; 0.82; 0.09; 0.02; 0.19; 44.18; 0.63; 18.20; 51
297; 0.1430; 0.0111; 0.0100; 0.0031; 0.5063;      0;      0;      0; 30.80; 1.86; 22.18; 4.45; 0.43; 13.64; 0.3454; 0.0183; 0.2192; 0.6154; 0.0217; 0.2589; 2.17; 0.07; 0.82; 0.09; 0.02; 0.20; 44.54; 0.63; 18.39; 51
298; 0.1430; 0.0111; 0.0000; 0.0000; 0.5063; -0.0673; 0.0249; 0.2981; 30.80; 1.86; 22.18; 4.45; 0.43; 13.64; 0.3454; 0.0183; 0.2192; 0.6154; 0.0217; 0.2589; 2.17; 0.07; 0.82; 0.09; 0.02; 0.20; 44.54; 0.63; 18.39; 51
299; 0.1430; 0.0111; 0.0000; 0.0000; 0.5063;      0;      0;      0; 30.80; 1.86; 22.18; 4.45; 0.43; 13.64; 0.3454; 0.0183; 0.2192; 0.6154; 0.0217; 0.2589; 2.17; 0.07; 0.82; 0.09; 0.02; 0.20; 44.54; 0.63; 18.39; 51
300; 0.1430; 0.0111; 0.0000; 0.0000; 0.5063;      0;      0;      0; 28.75; 1.79; 21.42; 4.15; 0.41; 12.90; 0.3436; 0.0183; 0.2183; 0.6186; 0.0215; 0.2569; 2.15; 0.07; 0.80; 0.10; 0.02; 0.21; 44.54; 0.63; 18.39; 51
301; 0.1320; 0.0107; 0.0110; 0.0033; 0.5063;      0;      0;      0; 29.55; 1.87; 21.45; 3.92; 0.40; 12.66; 0.3464; 0.0192; 0.2202; 0.6136; 0.0228; 0.2615; 2.16; 0.07; 0.82; 0.08; 0.02; 0.19; 44.94; 0.63; 18.61; 51
302; 0.1320; 0.0107; 0.0000; 0.0000; 0.5063; -0.0798; 0.0246; 0.2825; 29.55; 1.87; 21.45; 3.92; 0.40; 12.66; 0.3464; 0.0192; 0.2202; 0.6136; 0.0228; 0.2615; 2.16; 0.07; 0.82; 0.08; 0.02; 0.19; 44.94; 0.63; 18.61; 51
303; 0.1320; 0.0107; 0.0000; 0.0000; 0.5063;      0;      0;      0; 29.55; 1.87; 21.45; 3.92; 0.40; 12.66; 0.3464; 0.0192; 0.2202; 0.6136; 0.0228; 0.2615; 2.16; 0.07; 0.82; 0.08; 0.02; 0.19; 44.94; 0.63; 18.61; 51
304; 0.1310; 0.0107; 0.0010; 0.0010; 0.5063;      0;      0;      0; 27.84; 1.80; 20.63; 3.67; 0.38; 11.98; 0.3471; 0.0192; 0.2194; 0.6127; 0.0233; 0.2666; 2.16; 0.07; 0.82; 0.08; 0.02; 0.20; 44.97; 0.63; 18.63; 51
305; 0.1190; 0.0102; 0.0120; 0.0034; 0.5063;      0;      0;      0; 29.38; 1.95; 21.31; 3.52; 0.38; 12.00; 0.3431; 0.0200; 0.2181; 0.6274; 0.0227; 0.2476; 2.15; 0.07; 0.81; 0.08; 0.02; 0.20; 45.41; 0.64; 18.87; 51
306; 0.1190; 0.0102; 0.0000; 0.0000; 0.5063; -0.0747; 0.0248; 0.2710; 29.38; 1.95; 21.31; 3.52; 0.38; 12.00; 0.3431; 0.0200; 0.2181; 0.6274; 0.0227; 0.2476; 2.15; 0.07; 0.81; 0.08; 0.02; 0.20; 45.41; 0.64; 18.87; 51
307; 0.1190; 0.0102; 0.0000; 0.0000; 0.5063;      0;      0;      0; 29.38; 1.95; 21.31; 3.52; 0.38; 12.00; 0.3431; 0.0200; 0.2181; 0.6274; 0.0227; 0.2476; 2.15; 0.07; 0.81; 0.08; 0.02; 0.20; 45.41; 0.64; 18.87; 51
308; 0.1190; 0.0102; 0.0000; 0.0000; 0.5063;      0;      0;      0; 27.51; 1.89; 20.60; 3.30; 0.36; 11.38; 0.3425; 0.0201; 0.2193; 0.6251; 0.0233; 0.2543; 2.13; 0.07; 0.80; 0.08; 0.02; 0.20; 45.41; 0.64; 18.87; 51
309; 0.1080; 0.0098; 0.0110; 0.0033; 0.5063;      0;      0;      0; 29.57; 1.99; 20.73; 3.23; 0.36; 11.41; 0.3282; 0.0210; 0.2184; 0.6476; 0.0246; 0.2558; 2.09; 0.07; 0.76; 0.07; 0.02; 0.18; 45.81; 0.64; 19.10; 51
310; 0.1080; 0.0098; 0.0000; 0.0000; 0.5063; -0.0648; 0.0271; 0.2817; 29.57; 1.99; 20.73; 3.23; 0.36; 11.41; 0.3282; 0.0210; 0.2184; 0.6476; 0.0246; 0.2558; 2.09; 0.07; 0.76; 0.07; 0.02; 0.18; 45.81; 0.64; 19.10; 51
311; 0.1080; 0.0098; 0.0000; 0.0000; 0.5063;      0;      0;      0; 29.57; 1.99; 20.73; 3.23; 0.36; 11.41; 0.3282; 0.0210; 0.2184; 0.6476; 0.0246; 0.2558; 2.09; 0.07; 0.76; 0.07; 0.02; 0.18; 45.81; 0.64; 19.10; 51
312; 0.1080; 0.0098; 0.0000; 0.0000; 0.5063;      0;      0;      0; 27.23; 1.90; 19.80; 2.97; 0.34; 10.65; 0.3268; 0.0209; 0.2172; 0.6476; 0.0247; 0.2562; 2.07; 0.07; 0.75; 0.07; 0.02; 0.18; 45.81; 0.64; 19.10; 51
313; 0.1020; 0.0096; 0.0060; 0.0024; 0.5063;      0;      0;      0; 27.92; 2.14; 21.62; 2.88; 0.34; 10.89; 0.3166; 0.0217; 0.2190; 0.6658; 0.0243; 0.2458; 2.03; 0.07; 0.74; 0.07; 0.02; 0.18; 46.03; 0.64; 19.22; 51
314; 0.1020; 0.0096; 0.0000; 0.0000; 0.5063; -0.1161; 0.0297; 0.2996; 27.92; 2.14; 21.62; 2.88; 0.34; 10.89; 0.3166; 0.0217; 0.2190; 0.6658; 0.0243; 0.2458; 2.03; 0.07; 0.74; 0.07; 0.02; 0.18; 46.03; 0.64; 19.22; 51
315; 0.1020; 0.0096; 0.0000; 0.0000; 0.5063;      0;      0;      0; 27.92; 2.14; 21.62; 2.88; 0.34; 10.89; 0.3166; 0.0217; 0.2190; 0.6658; 0.0243; 0.2458; 2.03; 0.07; 0.74; 0.07; 0.02; 0.18; 46.03; 0.64; 19.22; 51
316; 0.1010; 0.0095; 0.0010; 0.0010; 0.5063;      0;      0;      0; 26.29; 2.05; 20.63; 2.68; 0.32; 10.26; 0.3179; 0.0218; 0.2188; 0.6648; 0.0247; 0.2479; 2.04; 0.07; 0.73; 0.07; 0.02; 0.19; 46.07; 0.64; 19.24; 51
317; 0.0870; 0.0089; 0.0140; 0.0037; 0.5063;      0;      0;      0; 29.39; 2.28; 21.29; 2.61; 0.33; 10.38; 0.3113; 0.0240; 0.2237; 0.6597; 0.0285; 0.2654; 1.98; 0.08; 0.73; 0.07; 0.02; 0.20; 46.59; 0.65; 19.55; 51
318; 0.0870; 0.0089; 0.0000; 0.0000; 0.5063; -0.0528; 0.0258; 0.2402; 29.39; 2.28; 21.29; 2.61; 0.33; 10.38; 0.3113; 0.0240; 0.2237; 0.6597; 0.0285; 0.2654; 1.98; 0.08; 0.73; 0.07; 0.02; 0.20; 46.59; 0.65; 19.55; 51
319; 0.0870; 0.0089; 0.0000; 0.0000; 0.5063;      0;      0;      0; 29.39; 2.28; 21.29; 2.61; 0.33; 10.38; 0.3113; 0.0240; 0.2237; 0.6597; 0.0285; 0.2654; 1.98; 0.08; 0.73; 0.07; 0.02; 0.20; 46.59; 0.65; 19.55; 51
320; 0.0860; 0.0089; 0.0010; 0.0010; 0.5063;      0;      0;      0; 27.23; 2.19; 20.27; 2.39; 0.31; 9.66; 0.3126; 0.0237; 0.2197; 0.6544; 0.0286; 0.2650; 1.99; 0.08; 0.73; 0.07; 0.02; 0.18; 46.63; 0.65; 19.57; 51
321; 0.0810; 0.0086; 0.0050; 0.0022; 0.5063;      0;      0;      0; 28.74; 2.43; 21.86; 2.36; 0.32; 9.99; 0.3134; 0.0245; 0.2204; 0.6523; 0.0291; 0.2616; 1.98; 0.08; 0.72; 0.06; 0.02; 0.15; 46.82; 0.65; 19.68; 51
322; 0.0810; 0.0086; 0.0000; 0.0000; 0.5063; -0.0786; 0.0327; 0.2944; 28.74; 2.43; 21.86; 2.36; 0.32; 9.99; 0.3134; 0.0245; 0.2204; 0.6523; 0.0291; 0.2616; 1.98; 0.08; 0.72; 0.06; 0.02; 0.15; 46.82; 0.65; 19.68; 51
323; 0.0810; 0.0086; 0.0000; 0.0000; 0.5063;      0;      0;      0; 28.74; 2.43; 21.86; 2.36; 0.32; 9.99; 0.3134; 0.0245; 0.2204; 0.6523; 0.0291; 0.2616; 1.98; 0.08; 0.72; 0.06; 0.02; 0.15; 46.82; 0.65; 19.68; 51
324; 0.0810; 0.0086; 0.0000; 0.0000; 0.5063;      0;      0;      0; 26.74; 2.33; 20.99; 2.20; 0.30; 9.41; 0.3127; 0.0244; 0.2195; 0.6525; 0.0294; 0.2642; 1.98; 0.08; 0.72; 0.05; 0.02; 0.15; 46.82; 0.65; 19.68; 51
325; 0.0750; 0.0083; 0.0060; 0.0024; 0.5063;      0;      0;      0; 28.75; 2.42; 20.99; 2.17; 0.30; 9.49; 0.2994; 0.0251; 0.2170; 0.6772; 0.0288; 0.2492; 1.97; 0.08; 0.73; 0.06; 0.02; 0.16; 47.04; 0.65; 19.81; 51
326; 0.0750; 0.0083; 0.0000; 0.0000; 0.5063; -0.0181; 0.0271; 0.2350; 28.75; 2.42; 20.99; 2.17; 0.30; 9.49; 0.2994; 0.0251; 0.2170; 0.6772; 0.0288; 0.2492; 1.97; 0.08; 0.73; 0.06; 0.02; 0.16; 47.04; 0.65; 19.81; 51
327; 0.0750; 0.0083; 0.0000; 0.0000; 0.5063;      0;      0;      0; 28.75; 2.42; 20.99; 2.17; 0.30; 9.49; 0.2994; 0.0251; 0.2170; 0.6772; 0.0288; 0.2492; 1.97; 0.08; 0.73; 0.06; 0.02; 0.16; 47.04; 0.65; 19.81; 51
328; 0.0740; 0.0083; 0.0010; 0.0010; 0.5063;      0;      0;      0; 27.19; 2.29; 19.67; 2.03; 0.28; 8.89; 0.3005; 0.0251; 0.2162; 0.6753; 0.0289; 0.2489; 1.97; 0.08; 0.72; 0.06; 0.02; 0.17; 47.08; 0.65; 19.84; 51
329; 0.0690; 0.0080; 0.0050; 0.0022; 0.5063;      0;      0;      0; 28.67; 2.41; 20.00; 1.99; 0.28; 8.95; 0.2966; 0.0258; 0.2142; 0.6625; 0.0325; 0.2702; 1.97; 0.09; 0.71; 0.03; 0.01; 0.10; 47.27; 0.65; 19.96; 51
330; 0.0690; 0.0080; 0.0000; 0.0000; 0.5063; -0.0511; 0.0307; 0.2553; 28.67; 2.41; 20.00; 1.99; 0.28; 8.95; 0.2966; 0.0258; 0.2142; 0.6625; 0.0325; 0.2702; 1.97; 0.09; 0.71; 0.03; 0.01; 0.10; 47.27; 0.65; 19.96; 51
331; 0.0690; 0.0080; 0.0000; 0.0000; 0.5063;      0;      0;      0; 28.67; 2.41; 20.00; 1.99; 0.28; 8.95; 0.2966; 0.0258; 0.2142; 0.6625; 0.0325; 0.2702; 1.97; 0.09; 0.71; 0.03; 0.01; 0.10; 47.27; 0.65; 19.96; 51
332; 0.0690; 0.0080; 0.0000; 0.0000; 0.5063;      0;      0;      0; 26.14; 2.24; 18.57; 1.81; 0.26; 8.21; 0.2989; 0.0259; 0.2153; 0.6587; 0.0328; 0.2722; 1.97; 0.09; 0.71; 0.03; 0.01; 0.10; 47.27; 0.65; 19.96; 51
333; 0.0630; 0.0077; 0.0060; 0.0024; 0.5063;      0;      0;      0; 29.63; 2.65; 21.05; 1.88; 0.28; 8.91; 0.2851; 0.0268; 0.2125; 0.6826; 0.0314; 0.2489; 1.95; 0.08; 0.66; 0.02; 0.01; 0.07; 47.51; 0.66; 20.11; 51
334; 0.0630; 0.0077; 0.0000; 0.0000; 0.5063; -0.0116; 0.0318; 0.2522; 29.63; 2.65; 21.05; 1.88; 0.28; 8.91; 0.2851; 0.0268; 0.2125; 0.6826; 0.0314; 0.2489; 1.95; 0.08; 0.66; 0.02; 0.01; 0.07; 47.51; 0.66; 20.11; 51
335; 0.0630; 0.0077; 0.0000; 0.0000; 0.5063;      0;      0;      0; 29.63; 2.65; 21.05; 1.88; 0.28; 8.91; 0.2851; 0.0268; 0.2125; 0.6826; 0.0314; 0.2489; 1.95; 0.08; 0.66; 0.02; 0.01; 0.07; 47.51; 0.66; 20.11; 51
336; 0.0630; 0.0077; 0.0000; 0.0000; 0.5063;      0;      0;      0; 27.92; 2.54; 20.18; 1.77; 0.27; 8.45; 0.2858; 0.0268; 0.2126; 0.6815; 0.0315; 0.2498; 1.95; 0.08; 0.66; 0.02; 0.01; 0.07; 47.51; 0.66; 20.11; 51
337; 0.0610; 0.0076; 0.0020; 0.0014; 0.5063;      0;      0;      0; 29.64; 2.84; 22.15; 1.82; 0.28; 8.93; 0.2914; 0.0271; 0.2113; 0.6710; 0.0326; 0.2545; 1.92; 0.08; 0.61; 0.02; 0.01; 0.06; 47.59; 0.66; 20.16; 51
338; 0.0610; 0.0076; 0.0000; 0.0000; 0.5063; -0.0364; 0.0389; 0.3041; 29.64; 2.84; 22.15; 1.82; 0.28; 8.93; 0.2914; 0.0271; 0.2113; 0.6710; 0.0326; 0.2545; 1.92; 0.08; 0.61; 0.02; 0.01; 0.06; 47.59; 0.66; 20.16; 51
339; 0.0610; 0.0076; 0.0000; 0.0000; 0.5063;      0;      0;      0; 29.64; 2.84; 22.15; 1.82; 0.28; 8.93; 0.2914; 0.0271; 0.2113; 0.6710; 0.0326; 0.2545; 1.92; 0.08; 0.61; 0.02; 0.01; 0.06; 47.59; 0.66; 20.16; 51
340; 0.0600; 0.0075; 0.0010; 0.0010; 0.5063;      0;      0;      0; 28.13; 2.73; 21.14; 1.70; 0.27; 8.43; 0.2882; 0.0275; 0.2128; 0.6781; 0.0331; 0.2561; 1.92; 0.08; 0.62; 0.02; 0.01; 0.08; 47.63; 0.66; 20.19; 51
341; 0.0540; 0.0071; 0.0060; 0.0024; 0.5063;      0;      0;      0; 31.30; 3.18; 23.39; 1.70; 0.28; 8.89; 0.2820; 0.0287; 0.2108; 0.6883; 0.0331; 0.2433; 1.93; 0.09; 0.64; 0.01; 0.00; 0.04; 47.87; 0.66; 20.35; 51
342; 0.0540; 0.0071; 0.0000; 0.0000; 0.5063; -0.0531; 0.0344; 0.2529; 31.30; 3.18; 23.39; 1.70; 0.28; 8.89; 0.2820; 0.0287; 0.2108; 0.6883; 0.0331; 0.2433; 1.93; 0.09; 0.64; 0.01; 0.00; 0.04; 47.87; 0.66; 20.35; 51
343; 0.0540; 0.0071; 0.0000; 0.0000; 0.5063;      0;      0;      0; 31.30; 3.18; 23.39; 1.70; 0.28; 8.89; 0.2820; 0.0287; 0.2108; 0.6883; 0.0331; 0.2433; 1.93; 0.09; 0.64; 0.01; 0.00; 0.04; 47.87; 0.66; 20.35; 51
344; 0.0540; 0.0071; 0.0000; 0.0000; 0.5063;      0;      0;      0; 29.43; 3.09; 22.73; 1.60; 0.27; 8.47; 0.2831; 0.0287; 0.2108; 0.6907; 0.0324; 0.2379; 1.93; 0.09; 0.64; 0.01; 0.00; 0.04; 47.87; 0.66; 20.35; 51
345; 0.0500; 0.0069; 0.0040; 0.0020; 0.5063;      0;      0;      0; 32.38; 3.41; 24.08; 1.63; 0.28; 8.85; 0.2757; 0.0298; 0.2105; 0.7032; 0.0328; 0.2322; 1.88; 0.09; 0.66; 0.01; 0.00; 0.03; 48.04; 0.66; 20.47; 51
346; 0.0500; 0.0069; 0.0000; 0.0000; 0.5063; -0.0331; 0.0379; 0.2681; 32.38; 3.41; 24.08; 1.63; 0.28; 8.85; 0.2757; 0.0298; 0.2105; 0.7032; 0.0328; 0.2322; 1.88; 0.09; 0.66; 0.01; 0.00; 0.03; 48.04; 0.66; 20.47; 51
347; 0.0500; 0.0069; 0.0000; 0.0000; 0.5063;      0;      0;      0; 32.38; 3.41; 24.08; 1.63; 0.28; 8.85; 0.2757; 0.0298; 0.2105; 0.7032; 0.0328; 0.2322; 1.88; 0.09; 0.66; 0.01; 0.00; 0.03; 48.04; 0.66; 20.47; 51
348; 0.0490; 0.0068; 0.0010; 0.0010; 0.5063;      0;      0;      0; 30.90; 3.33; 23.28; 1.53; 0.27; 8.40; 0.2712; 0.0300; 0.2103; 0.7072; 0.0329; 0.2306; 1.88; 0.10; 0.67; 0.01; 0.00; 0.03; 48.08; 0.66; 20.49; 51
349; 0.0460; 0.0066; 0.0030; 0.0017; 0.5063;      0;      0;      0; 31.65; 3.55; 24.09; 1.47; 0.26; 8.38; 0.2662; 0.0307; 0.2084; 0.7264; 0.0332; 0.2251; 1.89; 0.10; 0.67; 0.01; 0.00; 0.03; 48.20; 0.67; 20.58; 51
350; 0.0460; 0.0066; 0.0000; 0.0000; 0.5063; -0.1105; 0.0377; 0.2556; 31.65; 3.55; 24.09; 1.47; 0.26; 8.38; 0.2662; 0.0307; 0.2084; 0.7264; 0.0332; 0.2251; 1.89; 0.10; 0.67; 0.01; 0.00; 0.03; 48.20; 0.67; 20.58; 51
351; 0.0460; 0.0066; 0.0000; 0.0000; 0.5063;      0;      0;      0; 31.65; 3.55; 24.09; 1.47; 0.26; 8.38; 0.2662; 0.0307; 0.2084; 0.7264; 0.0332; 0.2251; 1.89; 0.10; 0.67; 0.01; 0.00; 0.03; 48.20; 0.67; 20.58; 51
352; 0.0460; 0.0066; 0.0000; 0.0000; 0.5063;      0;      0;      0; 29.63; 3.51; 23.79; 1.38; 0.25; 8.00; 0.2697; 0.0308; 0.2091; 0.7201; 0.0337; 0.2288; 1.87; 0.10; 0.65; 0.01; 0.00; 0.03; 48.20; 0.67; 20.58; 51
353; 0.0390; 0.0061; 0.0070; 0.0026; 0.5063;      0;      0;      0; 32.62; 3.75; 23.43; 1.28; 0.25; 7.80; 0.2787; 0.0331; 0.2068; 0.7112; 0.0366; 0.2286; 1.87; 0.11; 0.66; 0.01; 0.00; 0.03; 48.50; 0.67; 20.80; 51
354; 0.0390; 0.0061; 0.0000; 0.0000; 0.5063; -0.1023; 0.0409; 0.2552; 32.62; 3.75; 23.43; 1.28; 0.25; 7.80; 0.2787; 0.0331; 0.2068; 0.7112; 0.0366; 0.2286; 1.87; 0.11; 0.66; 0.01; 0.00; 0.03; 48.50; 0.67; 20.80; 51
355; 0.0390; 0.0061; 0.0000; 0.0000; 0.5063;      0;      0;      0; 32.62; 3.75; 23.43; 1.28; 0.25; 7.80; 0.2787; 0.0331; 0.2068; 0.7112; 0.0366; 0.2286; 1.87; 0.11; 0.66; 0.01; 0.00; 0.03; 48.50; 0.67; 20.80; 51
356; 0.0390; 0.0061; 0.0000; 0.0000; 0.5063;      0;      0;      0; 29.92; 3.64; 22.70; 1.18; 0.23; 7.29; 0.2751; 0.0332; 0.2072; 0.7185; 0.0365; 0.2278; 1.87; 0.11; 0.66; 0.01; 0.00; 0.03; 48.50; 0.67; 20.80; 51
357; 0.0370; 0.0060; 0.0020; 0.0014; 0.5063;      0;      0;      0; 31.49; 4.02; 24.44; 1.17; 0.24; 7.54; 0.2922; 0.0337; 0.2051; 0.6981; 0.0418; 0.2541; 1.86; 0.10; 0.59; 0.01; 0.01; 0.03; 48.59; 0.67; 20.87; 51
358; 0.0370; 0.0060; 0.0000; 0.0000; 0.5063; -0.0903; 0.0479; 0.2911; 31.49; 4.02; 24.44; 1.17; 0.24; 7.54; 0.2922; 0.0337; 0.2051; 0.6981; 0.0418; 0.2541; 1.86; 0.10; 0.59; 0.01; 0.01; 0.03; 48.59; 0.67; 20.87; 51
359; 0.0370; 0.0060; 0.0000; 0.0000; 0.5063;      0;      0;      0; 31.49; 4.02; 24.44; 1.17; 0.24; 7.54; 0.2922; 0.0337; 0.2051; 0.6981; 0.0418; 0.2541; 1.86; 0.10; 0.59; 0.01; 0.01; 0.03; 48.59; 0.67; 20.87; 51
360; 0.0370; 0.0060; 0.0000; 0.0000; 0.5063;      0;      0;      0; 29.46; 3.96; 24.08; 1.10; 0.23; 7.20; 0.2909; 0.0336; 0.2045; 0.7008; 0.0418; 0.2540; 1.86; 0.10; 0.59; 0.01; 0.01; 0.03; 48.59; 0.67; 20.87; 51
361; 0.0330; 0.0056; 0.0040; 0.0020; 0.5063;      0;      0;      0; 31.70; 4.49; 25.81; 1.06; 0.23; 7.31; 0.2726; 0.0359; 0.2065; 0.6765; 0.0469; 0.2693; 1.85; 0.11; 0.62; 0.01; 0.01; 0.03; 48.76; 0.68; 21.00; 51
362; 0.0330; 0.0056; 0.0000; 0.0000; 0.5063; -0.1364; 0.0654; 0.3756; 31.70; 4.49; 25.81; 1.06; 0.23; 7.31; 0.2726; 0.0359; 0.2065; 0.6765; 0.0469; 0.2693; 1.85; 0.11; 0.62; 0.01; 0.01; 0.03; 48.76; 0.68; 21.00; 51
363; 0.0330; 0.0056; 0.0000; 0.0000; 0.5063;      0;      0;      0; 31.70; 4.49; 25.81; 1.06; 0.23; 7.31; 0.2726; 0.0359; 0.2065; 0.6765; 0.0469; 0.2693; 1.85; 0.11; 0.62; 0.01; 0.01; 0.03; 48.76; 0.68; 21.00; 51
364; 0.0320; 0.0056; 0.0010; 0.0010; 0.5063;      0;      0;      0; 30.56; 4.43; 25.08; 0.99; 0.22; 6.96; 0.2740; 0.0372; 0.2106; 0.6755; 0.0482; 0.2729; 1.84; 0.11; 0.63; 0.01; 0.01; 0.03; 48.81; 0.68; 21.03; 51
365; 0.0320; 0.0056; 0.0000; 0.0000; 0.5063;      0;      0;      0; 29.16; 4.28; 24.21; 0.94; 0.21; 6.67; 0.2741; 0.0388; 0.2192; 0.6510; 0.0543; 0.3074; 1.81; 0.11; 0.64; 0.01; 0.01; 0.04; 48.81; 0.68; 21.03; 51
366; 0.0320; 0.0056; 0.0000; 0.0000; 0.5063; -0.0803; 0.0412; 0.2333; 29.16; 4.28; 24.21; 0.94; 0.21; 6.67; 0.2741; 0.0388; 0.2192; 0.6510; 0.0543; 0.3074; 1.81; 0.11; 0.64; 0.01; 0.01; 0.04; 48.81; 0.68; 21.03; 51
367; 0.0320; 0.0056; 0.0000; 0.0000; 0.5063;      0;      0;      0; 29.16; 4.28; 24.21; 0.94; 0.21; 6.67; 0.2741; 0.0388; 0.2192; 0.6510; 0.0543; 0.3074; 1.81; 0.11; 0.64; 0.01; 0.01; 0.04; 48.81; 0.68; 21.03; 51
368; 0.0320; 0.0056; 0.0000; 0.0000; 0.5063;      0;      0;      0; 27.19; 4.09; 23.14; 0.87; 0.20; 6.29; 0.2684; 0.0382; 0.2162; 0.6575; 0.0538; 0.3042; 1.78; 0.11; 0.61; 0.01; 0.01; 0.04; 48.81; 0.68; 21.03; 51
369; 0.0250; 0.0049; 0.0070; 0.0026; 0.5063;      0;      0;      0; 34.40; 4.80; 23.99; 0.87; 0.21; 6.53; 0.2987; 0.0419; 0.2096; 0.6353; 0.0555; 0.2774; 1.88; 0.12; 0.60; 0.01; 0.01; 0.04; 49.12; 0.68; 21.29; 51
370; 0.0250; 0.0049; 0.0000; 0.0000; 0.5063; -0.0529; 0.0467; 0.2337; 34.40; 4.80; 23.99; 0.87; 0.21; 6.53; 0.2987; 0.0419; 0.2096; 0.6353; 0.0555; 0.2774; 1.88; 0.12; 0.60; 0.01; 0.01; 0.04; 49.12; 0.68; 21.29; 51
371; 0.0250; 0.0049; 0.0000; 0.0000; 0.5063;      0;      0;      0; 34.40; 4.80; 23.99; 0.87; 0.21; 6.53; 0.2987; 0.0419; 0.2096; 0.6353; 0.0555; 0.2774; 1.88; 0.12; 0.60; 0.01; 0.01; 0.04; 49.12; 0.68; 21.29; 51
372; 0.0250; 0.0049; 0.0000; 0.0000; 0.5063;      0;      0;      0; 32.36; 4.68; 23.39; 0.82; 0.20; 6.22; 0.2983; 0.0416; 0.2078; 0.6362; 0.0554; 0.2772; 1.88; 0.12; 0.60; 0.01; 0.01; 0.04; 49.12; 0.68; 21.29; 51
373; 0.0250; 0.0049; 0.0000; 0.0000; 0.5063;      0;      0;      0; 31.00; 5.10; 25.49; 0.78; 0.20; 6.25; 0.2848; 0.0425; 0.2124; 0.6465; 0.0581; 0.2907; 1.84; 0.12; 0.62; 0.02; 0.01; 0.07; 49.12; 0.68; 21.29; 51
374; 0.0250; 0.0049; 0.0000; 0.0000; 0.5063; -0.1179; 0.0535; 0.2673; 31.00; 5.10; 25.49; 0.78; 0.20; 6.25; 0.2848; 0.0425; 0.2124; 0.6465; 0.0581; 0.2907; 1.84; 0.12; 0.62; 0.02; 0.01; 0.07; 49.12; 0.68; 21.29; 51
375; 0.0250; 0.0049; 0.0000; 0.0000; 0.5063;      0;      0;      0; 31.00; 5.10; 25.49; 0.78; 0.20; 6.25; 0.2848; 0.0425; 0.2124; 0.6465; 0.0581; 0.2907; 1.84; 0.12; 0.62; 0.02; 0.01; 0.07; 49.12; 0.68; 21.29; 51
376; 0.0250; 0.0049; 0.0000; 0.0000; 0.5063;      0;      0;      0; 28.44; 5.04; 25.18; 0.71; 0.19; 5.91; 0.2937; 0.0426; 0.2131; 0.6377; 0.0574; 0.2871; 1.84; 0.12; 0.62; 0.02; 0.01; 0.07; 49.12; 0.68; 21.29; 51
377; 0.0220; 0.0046; 0.0030; 0.0017; 0.5063;      0;      0;      0; 28.18; 4.76; 22.33; 0.63; 0.17; 5.25; 0.2923; 0.0449; 0.2106; 0.6612; 0.0551; 0.2587; 1.86; 0.14; 0.64; 0.02; 0.02; 0.09; 49.26; 0.68; 21.40; 51
378; 0.0220; 0.0046; 0.0000; 0.0000; 0.5063; -0.1468; 0.0521; 0.2444; 28.18; 4.76; 22.33; 0.63; 0.17; 5.25; 0.2923; 0.0449; 0.2106; 0.6612; 0.0551; 0.2587; 1.86; 0.14; 0.64; 0.02; 0.02; 0.09; 49.26; 0.68; 21.40; 51
379; 0.0220; 0.0046; 0.0000; 0.0000; 0.5063;      0;      0;      0; 28.18; 4.76; 22.33; 0.63; 0.17; 5.25; 0.2923; 0.0449; 0.2106; 0.6612; 0.0551; 0.2587; 1.86; 0.14; 0.64; 0.02; 0.02; 0.09; 49.26; 0.68; 21.40; 51
380; 0.0220; 0.0046; 0.0000; 0.0000; 0.5063;      0;      0;      0; 26.36; 4.54; 21.30; 0.59; 0.16; 4.95; 0.2922; 0.0443; 0.2079; 0.6625; 0.0542; 0.2544; 1.86; 0.14; 0.64; 0.03; 0.02; 0.11; 49.26; 0.68; 21.40; 51
381; 0.0190; 0.0043; 0.0030; 0.0017; 0.5063;      0;      0;      0; 29.21; 5.05; 22.00; 0.56; 0.16; 4.96; 0.2489; 0.0471; 0.2052; 0.7383; 0.0492; 0.2146; 1.84; 0.16; 0.69; 0.04; 0.04; 0.16; 49.41; 0.69; 21.53; 51
382; 0.0190; 0.0043; 0.0000; 0.0000; 0.5063; -0.0991; 0.0678; 0.2953; 29.21; 5.05; 22.00; 0.56; 0.16; 4.96; 0.2489; 0.0471; 0.2052; 0.7383; 0.0492; 0.2146; 1.84; 0.16; 0.69; 0.04; 0.04; 0.16; 49.41; 0.69; 21.53; 51
383; 0.0190; 0.0043; 0.0000; 0.0000; 0.5063;      0;      0;      0; 29.21; 5.05; 22.00; 0.56; 0.16; 4.96; 0.2489; 0.0471; 0.2052; 0.7383; 0.0492; 0.2146; 1.84; 0.16; 0.69; 0.04; 0.04; 0.16; 49.41; 0.69; 21.53; 51
384; 0.0190; 0.0043; 0.0000; 0.0000; 0.5063;      0;      0;      0; 26.89; 4.70; 20.51; 0.51; 0.15; 4.59; 0.2418; 0.0494; 0.2153; 0.7465; 0.0519; 0.2263; 1.79; 0.16; 0.71; 0.04; 0.04; 0.15; 49.41; 0.69; 21.53; 51
385; 0.0180; 0.0042; 0.0010; 0.0010; 0.5063;      0;      0;      0; 24.89; 5.10; 21.65; 0.45; 0.14; 4.35; 0.2482; 0.0503; 0.2135; 0.7299; 0.0564; 0.2391; 1.78; 0.17; 0.73; 0.05; 0.05; 0.22; 49.46; 0.69; 21.57; 51
386; 0.0180; 0.0042; 0.0000; 0.0000; 0.5063; -0.1998; 0.0597; 0.2531; 24.89; 5.10; 21.65; 0.45; 0.14; 4.35; 0.2482; 0.0503; 0.2135; 0.7299; 0.0564; 0.2391; 1.78; 0.17; 0.73; 0.05; 0.05; 0.22; 49.46; 0.69; 21.57; 51
387; 0.0180; 0.0042; 0.0000; 0.0000; 0.5063;      0;      0;      0; 24.89; 5.10; 21.65; 0.45; 0.14; 4.35; 0.2482; 0.0503; 0.2135; 0.7299; 0.0564; 0.2391; 1.78; 0.17; 0.73; 0.05; 0.05; 0.22; 49.46; 0.69; 21.57; 51
388; 0.0180; 0.0042; 0.0000; 0.0000; 0.5063;      0;      0;      0; 22.28; 4.62; 19.60; 0.40; 0.12; 3.91; 0.2485; 0.0506; 0.2145; 0.7266; 0.0583; 0.2472; 1.78; 0.17; 0.73; 0.06; 0.06; 0.24; 49.46; 0.69; 21.57; 51
389; 0.0140; 0.0037; 0.0040; 0.0020; 0.5063;      0;      0;      0; 27.43; 6.19; 23.17; 0.39; 0.13; 4.17; 0.2214; 0.0589; 0.2203; 0.7675; 0.0677; 0.2533; 1.71; 0.19; 0.73; 0.08; 0.07; 0.27; 49.65; 0.69; 21.75; 51
390; 0.0140; 0.0037; 0.0000; 0.0000; 0.5063; -0.1073; 0.1232; 0.4609; 27.43; 6.19; 23.17; 0.39; 0.13; 4.17; 0.2214; 0.0589; 0.2203; 0.7675; 0.0677; 0.2533; 1.71; 0.19; 0.73; 0.08; 0.07; 0.27; 49.65; 0.69; 21.75; 51
391; 0.0140; 0.0037; 0.0000; 0.0000; 0.5063;      0;      0;      0; 27.43; 6.19; 23.17; 0.39; 0.13; 4.17; 0.2214; 0.0589; 0.2203; 0.7675; 0.0677; 0.2533; 1.71; 0.19; 0.73; 0.08; 0.07; 0.27; 49.65; 0.69; 21.75; 51
392; 0.0140; 0.0037; 0.0000; 0.0000; 0.5063;      0;      0;      0; 25.50; 5.93; 22.19; 0.37; 0.12; 3.93; 0.2230; 0.0587; 0.2198; 0.7622; 0.0681; 0.2547; 1.71; 0.19; 0.73; 0.08; 0.07; 0.27; 49.65; 0.69; 21.75; 51
393; 0.0130; 0.0036; 0.0010; 0.0010; 0.5063;      0;      0;      0; 28.46; 7.11; 25.64; 0.37; 0.14; 4.28; 0.2403; 0.0610; 0.2198; 0.7675; 0.0687; 0.2478; 1.77; 0.20; 0.73; 0.08; 0.07; 0.24; 49.70; 0.69; 21.79; 51
394; 0.0130; 0.0036; 0.0000; 0.0000; 0.5063; -0.0507; 0.0918; 0.3311; 28.46; 7.11; 25.64; 0.37; 0.14; 4.28; 0.2403; 0.0610; 0.2198; 0.7675; 0.0687; 0.2478; 1.77; 0.20; 0.73; 0.08; 0.07; 0.24; 49.70; 0.69; 21.79; 51
395; 0.0130; 0.0036; 0.0000; 0.0000; 0.5063;      0;      0;      0; 28.46; 7.11; 25.64; 0.37; 0.14; 4.28; 0.2403; 0.0610; 0.2198; 0.7675; 0.0687; 0.2478; 1.77; 0.20; 0.73; 0.08; 0.07; 0.24; 49.70; 0.69; 21.79; 51
396; 0.0130; 0.0036; 0.0000; 0.0000; 0.5063;      0;      0;      0; 26.85; 6.84; 24.65; 0.35; 0.13; 4.07; 0.2318; 0.0636; 0.2292; 0.7829; 0.0702; 0.2532; 1.69; 0.21; 0.75; 0.07; 0.06; 0.22; 49.70; 0.69; 21.79; 51
397; 0.0120; 0.0034; 0.0010; 0.0010; 0.5063;      0;      0;      0; 26.42; 6.93; 23.99; 0.32; 0.12; 3.82; 0.2392; 0.0638; 0.2211; 0.7776; 0.0681; 0.2357; 1.75; 0.22; 0.75; 0.07; 0.06; 0.19; 49.75; 0.69; 21.84; 51
398; 0.0120; 0.0034; 0.0000; 0.0000; 0.5063; -0.1849; 0.0945; 0.3273; 26.42; 6.93; 23.99; 0.32; 0.12; 3.82; 0.2392; 0.0638; 0.2211; 0.7776; 0.0681; 0.2357; 1.75; 0.22; 0.75; 0.07; 0.06; 0.19; 49.75; 0.69; 21.84; 51
399; 0.0120; 0.0034; 0.0000; 0.0000; 0.5063;      0;      0;      0; 26.42; 6.93; 23.99; 0.32; 0.12; 3.82; 0.2392; 0.0638; 0.2211; 0.7776; 0.0681; 0.2357; 1.75; 0.22; 0.75; 0.07; 0.06; 0.19; 49.75; 0.69; 21.84; 51
400; 0.0110; 0.0033; 0.0010; 0.0010; 0.5063;      0;      0;      0; 25.91; 6.75; 22.38; 0.29; 0.11; 3.51; 0.2569; 0.0657; 0.2179; 0.7609; 0.0711; 0.2359; 1.82; 0.23; 0.75; 0.07; 0.06; 0.20; 49.80; 0.70; 21.89; 51
