    Year (Census)
    Proportion of populations extant, SE
    Proportion of populations going extinct for the first time in year, SE
    Deterministic growth, Stochastic growth, SE, SD
    Mean population size (across extant populations), SE, SD
    Mean population size (across all populations), SE, SD
    Mean gene diversity (expected heterozygosity), SE, SD
    Mean inbreeding coefficient, SE, SD
    Mean number of alleles, SE, SD
    Mean number of lethal alleles, SE, SD
    Mean time to extinction, SE, SD
    Median time to extinction
Year;PExtant;SE(PExtant);PExtinct;SE(PExtinct);det-r;stoch-r;SE(r);SD(r);N-extant;SE(N-extant);SD(N-extant);N-all;SE(N-all);SD(N-all);GeneDiv;SE(GD);SD(GD);Inbreed;SE(Inbr);SD(Inbr);nAlleles;SE(nAlleles);SD(nAlleles);nLethals;SE(nLethals);SD(nLethals);TE;SE(TE);SD(TE);medianTE
Harvest (3JF, 3JM)
Population 1: MFWS
0; 1.0000; 0.0000; 0.0000; 0.0000; 0.5063;      0;      0;      0; 47.00; 0.00; 0.00; 47.00; 0.00; 0.00; 0.9894; 0.0000; 0.0000; 0.0000; 0.0000; 0.0000; 94.00; 0.00; 0.00; 3.14; 0.01; 0.22; 0.00; 0.00; 0.00; 0
1; 1.0000; 0.0000; 0.0000; 0.0000; 0.5063;      0;      0;      0; 86.51; 0.70; 22.11; 86.51; 0.70; 22.11; 0.9856; 0.0000; 0.0012; 0.0000; 0.0000; 0.0000; 90.00; 0.00; 0.00; 3.15; 0.01; 0.27; 0.00; 0.00; 0.00; 0
2; 1.0000; 0.0000; 0.0000; 0.0000; 0.5063; 0.5758; 0.0084; 0.2670; 86.51; 0.70; 22.11; 86.51; 0.70; 22.11; 0.9856; 0.0000; 0.0012; 0.0000; 0.0000; 0.0000; 90.00; 0.00; 0.00; 3.15; 0.01; 0.27; 0.00; 0.00; 0.00; 0
3; 1.0000; 0.0000; 0.0000; 0.0000; 0.5063;      0;      0;      0; 80.87; 0.68; 21.47; 80.87; 0.68; 21.47; 0.9858; 0.0000; 0.0012; 0.0000; 0.0000; 0.0000; 90.00; 0.00; 0.00; 3.15; 0.01; 0.26; 0.00; 0.00; 0.00; 0
4; 1.0000; 0.0000; 0.0000; 0.0000; 0.5063;      0;      0;      0; 76.60; 0.76; 23.88; 76.60; 0.76; 23.88; 0.9849; 0.0000; 0.0010; 0.0000; 0.0000; 0.0000; 84.31; 0.18; 5.72; 3.15; 0.01; 0.27; 0.00; 0.00; 0.00; 0
5; 1.0000; 0.0000; 0.0000; 0.0000; 0.5063;      0;      0;      0; 91.17; 0.87; 27.56; 91.17; 0.87; 27.56; 0.9784; 0.0001; 0.0029; 0.0020; 0.0002; 0.0049; 66.64; 0.19; 6.04; 3.14; 0.01; 0.32; 0.00; 0.00; 0.00; 0
6; 1.0000; 0.0000; 0.0000; 0.0000; 0.5063; 0.1787; 0.0126; 0.3994; 91.17; 0.87; 27.56; 91.17; 0.87; 27.56; 0.9784; 0.0001; 0.0029; 0.0020; 0.0002; 0.0049; 66.64; 0.19; 6.04; 3.14; 0.01; 0.32; 0.00; 0.00; 0.00; 0
7; 1.0000; 0.0000; 0.0000; 0.0000; 0.5063;      0;      0;      0; 85.70; 0.85; 26.82; 85.70; 0.85; 26.82; 0.9786; 0.0001; 0.0029; 0.0018; 0.0001; 0.0047; 66.64; 0.19; 6.04; 3.14; 0.01; 0.32; 0.00; 0.00; 0.00; 0
8; 1.0000; 0.0000; 0.0000; 0.0000; 0.5063;      0;      0;      0; 80.87; 0.92; 29.21; 80.87; 0.92; 29.21; 0.9776; 0.0001; 0.0029; 0.0019; 0.0002; 0.0050; 63.36; 0.21; 6.67; 3.14; 0.01; 0.33; 0.00; 0.00; 0.00; 0
9; 1.0000; 0.0000; 0.0000; 0.0000; 0.5063;      0;      0;      0; 90.23; 0.85; 26.85; 90.23; 0.85; 26.85; 0.9690; 0.0002; 0.0049; 0.0065; 0.0003; 0.0098; 51.76; 0.17; 5.45; 3.12; 0.01; 0.38; 0.00; 0.00; 0.00; 0
10; 1.0000; 0.0000; 0.0000; 0.0000; 0.5063; 0.1313; 0.0130; 0.4121; 90.23; 0.85; 26.85; 90.23; 0.85; 26.85; 0.9690; 0.0002; 0.0049; 0.0065; 0.0003; 0.0098; 51.76; 0.17; 5.45; 3.12; 0.01; 0.38; 0.00; 0.00; 0.00; 0
11; 1.0000; 0.0000; 0.0000; 0.0000; 0.5063;      0;      0;      0; 84.65; 0.83; 26.20; 84.65; 0.83; 26.20; 0.9694; 0.0002; 0.0049; 0.0061; 0.0003; 0.0097; 51.76; 0.17; 5.45; 3.12; 0.01; 0.38; 0.00; 0.00; 0.00; 0
12; 1.0000; 0.0000; 0.0000; 0.0000; 0.5063;      0;      0;      0; 80.00; 0.89; 28.30; 80.00; 0.89; 28.30; 0.9684; 0.0002; 0.0048; 0.0063; 0.0003; 0.0101; 49.75; 0.18; 5.57; 3.12; 0.01; 0.39; 0.00; 0.00; 0.00; 0
13; 0.9940; 0.0024; 0.0060; 0.0024; 0.5063;      0;      0;      0; 86.03; 0.96; 30.20; 85.53; 0.97; 30.79; 0.9550; 0.0004; 0.0128; 0.0136; 0.0005; 0.0148; 37.07; 0.17; 5.28; 3.09; 0.01; 0.46; 4.00; 0.00; 0.00; 0
14; 0.9940; 0.0024; 0.0000; 0.0000; 0.5063; 0.0585; 0.0124; 0.3921; 86.03; 0.96; 30.20; 85.53; 0.97; 30.79; 0.9550; 0.0004; 0.0128; 0.0136; 0.0005; 0.0148; 37.07; 0.17; 5.28; 3.09; 0.01; 0.46; 4.00; 0.00; 0.00; 0
15; 0.9940; 0.0024; 0.0000; 0.0000; 0.5063;      0;      0;      0; 80.52; 0.94; 29.53; 80.06; 0.95; 30.05; 0.9554; 0.0004; 0.0121; 0.0131; 0.0005; 0.0150; 37.07; 0.17; 5.28; 3.09; 0.01; 0.46; 4.00; 0.00; 0.00; 0
16; 0.9930; 0.0026; 0.0010; 0.0010; 0.5063;      0;      0;      0; 76.22; 0.98; 30.98; 75.71; 1.00; 31.47; 0.9546; 0.0004; 0.0118; 0.0134; 0.0005; 0.0156; 36.08; 0.17; 5.29; 3.09; 0.01; 0.46; 4.00; 0.00; 0.00; 0
17; 0.9820; 0.0042; 0.0110; 0.0033; 0.5063;      0;      0;      0; 82.73; 0.93; 29.17; 81.27; 0.98; 30.86; 0.9445; 0.0005; 0.0164; 0.0226; 0.0006; 0.0202; 30.78; 0.16; 4.92; 3.04; 0.02; 0.51; 4.61; 0.12; 0.50; 0
18; 0.9820; 0.0042; 0.0000; 0.0000; 0.5063; 0.0837; 0.0126; 0.3938; 82.73; 0.93; 29.17; 81.27; 0.98; 30.86; 0.9445; 0.0005; 0.0164; 0.0226; 0.0006; 0.0202; 30.78; 0.16; 4.92; 3.04; 0.02; 0.51; 4.61; 0.12; 0.50; 0
19; 0.9820; 0.0042; 0.0000; 0.0000; 0.5063;      0;      0;      0; 77.27; 0.91; 28.49; 75.91; 0.95; 29.98; 0.9449; 0.0005; 0.0163; 0.0219; 0.0007; 0.0205; 30.78; 0.16; 4.92; 3.05; 0.02; 0.50; 4.61; 0.12; 0.50; 0
20; 0.9820; 0.0042; 0.0000; 0.0000; 0.5063;      0;      0;      0; 72.88; 0.95; 29.86; 71.59; 0.98; 31.08; 0.9438; 0.0006; 0.0178; 0.0221; 0.0007; 0.0210; 30.04; 0.16; 5.00; 3.05; 0.02; 0.51; 4.61; 0.12; 0.50; 0
21; 0.9750; 0.0049; 0.0070; 0.0026; 0.5063;      0;      0;      0; 81.11; 0.96; 29.99; 79.11; 1.02; 32.16; 0.9325; 0.0007; 0.0223; 0.0324; 0.0008; 0.0254; 25.94; 0.15; 4.69; 3.00; 0.02; 0.54; 5.00; 0.15; 0.76; 0
22; 0.9750; 0.0049; 0.0000; 0.0000; 0.5063; 0.1017; 0.0122; 0.3799; 81.11; 0.96; 29.99; 79.11; 1.02; 32.16; 0.9325; 0.0007; 0.0223; 0.0324; 0.0008; 0.0254; 25.94; 0.15; 4.69; 3.00; 0.02; 0.54; 5.00; 0.15; 0.76; 0
23; 0.9750; 0.0049; 0.0000; 0.0000; 0.5063;      0;      0;      0; 75.66; 0.94; 29.24; 73.79; 0.99; 31.15; 0.9331; 0.0007; 0.0218; 0.0310; 0.0008; 0.0251; 25.94; 0.15; 4.69; 3.01; 0.02; 0.54; 5.00; 0.15; 0.76; 0
24; 0.9750; 0.0049; 0.0000; 0.0000; 0.5063;      0;      0;      0; 71.39; 0.97; 30.40; 69.63; 1.01; 31.99; 0.9321; 0.0007; 0.0231; 0.0314; 0.0008; 0.0263; 25.43; 0.15; 4.71; 3.00; 0.02; 0.54; 5.00; 0.15; 0.76; 0
25; 0.9590; 0.0063; 0.0160; 0.0040; 0.5063;      0;      0;      0; 77.53; 0.95; 29.32; 74.38; 1.03; 32.50; 0.9210; 0.0008; 0.0258; 0.0416; 0.0010; 0.0311; 22.27; 0.14; 4.35; 2.94; 0.02; 0.59; 5.78; 0.18; 1.15; 0
26; 0.9590; 0.0063; 0.0000; 0.0000; 0.5063; 0.0733; 0.0118; 0.3648; 77.53; 0.95; 29.32; 74.38; 1.03; 32.50; 0.9210; 0.0008; 0.0258; 0.0416; 0.0010; 0.0311; 22.27; 0.14; 4.35; 2.94; 0.02; 0.59; 5.78; 0.18; 1.15; 0
27; 0.9590; 0.0063; 0.0000; 0.0000; 0.5063;      0;      0;      0; 72.10; 0.92; 28.58; 69.18; 0.99; 31.37; 0.9217; 0.0008; 0.0251; 0.0403; 0.0010; 0.0308; 22.27; 0.14; 4.35; 2.95; 0.02; 0.59; 5.78; 0.18; 1.15; 0
28; 0.9580; 0.0063; 0.0010; 0.0010; 0.5063;      0;      0;      0; 67.94; 0.95; 29.47; 65.11; 1.01; 31.84; 0.9205; 0.0008; 0.0260; 0.0404; 0.0010; 0.0308; 21.85; 0.14; 4.35; 2.95; 0.02; 0.59; 5.81; 0.18; 1.15; 0
29; 0.9410; 0.0075; 0.0170; 0.0041; 0.5063;      0;      0;      0; 75.49; 0.96; 29.59; 71.07; 1.07; 33.69; 0.9089; 0.0010; 0.0317; 0.0534; 0.0012; 0.0381; 19.63; 0.13; 4.07; 2.90; 0.02; 0.62; 6.44; 0.18; 1.39; 0
30; 0.9410; 0.0075; 0.0000; 0.0000; 0.5063; 0.0828; 0.0121; 0.3717; 75.49; 0.96; 29.59; 71.07; 1.07; 33.69; 0.9089; 0.0010; 0.0317; 0.0534; 0.0012; 0.0381; 19.63; 0.13; 4.07; 2.90; 0.02; 0.62; 6.44; 0.18; 1.39; 0
31; 0.9410; 0.0075; 0.0000; 0.0000; 0.5063;      0;      0;      0; 70.12; 0.94; 28.80; 66.02; 1.02; 32.38; 0.9098; 0.0010; 0.0308; 0.0516; 0.0012; 0.0379; 19.63; 0.13; 4.07; 2.91; 0.02; 0.61; 6.44; 0.18; 1.39; 0
32; 0.9400; 0.0075; 0.0010; 0.0010; 0.5063;      0;      0;      0; 65.76; 0.97; 29.59; 61.85; 1.03; 32.60; 0.9085; 0.0010; 0.0317; 0.0518; 0.0013; 0.0390; 19.32; 0.13; 4.04; 2.90; 0.02; 0.62; 6.47; 0.18; 1.40; 0
33; 0.9180; 0.0087; 0.0220; 0.0046; 0.5063;      0;      0;      0; 72.53; 0.98; 29.75; 66.63; 1.10; 34.67; 0.8965; 0.0012; 0.0377; 0.0645; 0.0016; 0.0474; 17.49; 0.13; 3.83; 2.82; 0.02; 0.63; 7.15; 0.18; 1.64; 0
34; 0.9180; 0.0087; 0.0000; 0.0000; 0.5063; 0.0673; 0.0125; 0.3777; 72.53; 0.98; 29.75; 66.63; 1.10; 34.67; 0.8965; 0.0012; 0.0377; 0.0645; 0.0016; 0.0474; 17.49; 0.13; 3.83; 2.82; 0.02; 0.63; 7.15; 0.18; 1.64; 0
35; 0.9180; 0.0087; 0.0000; 0.0000; 0.5063;      0;      0;      0; 67.23; 0.95; 28.88; 61.77; 1.05; 33.17; 0.8976; 0.0012; 0.0369; 0.0627; 0.0015; 0.0458; 17.49; 0.13; 3.83; 2.83; 0.02; 0.63; 7.15; 0.18; 1.64; 0
36; 0.9150; 0.0088; 0.0030; 0.0017; 0.5063;      0;      0;      0; 63.28; 0.97; 29.31; 57.96; 1.04; 33.03; 0.8965; 0.0012; 0.0373; 0.0635; 0.0015; 0.0469; 17.24; 0.13; 3.80; 2.82; 0.02; 0.63; 7.21; 0.18; 1.65; 0
37; 0.8900; 0.0099; 0.0250; 0.0049; 0.5063;      0;      0;      0; 71.24; 1.02; 30.31; 63.50; 1.14; 36.11; 0.8844; 0.0014; 0.0427; 0.0746; 0.0017; 0.0500; 15.67; 0.12; 3.52; 2.74; 0.02; 0.65; 7.85; 0.18; 1.86; 0
38; 0.8900; 0.0099; 0.0000; 0.0000; 0.5063; 0.0811; 0.0119; 0.3547; 71.24; 1.02; 30.31; 63.50; 1.14; 36.11; 0.8844; 0.0014; 0.0427; 0.0746; 0.0017; 0.0500; 15.67; 0.12; 3.52; 2.74; 0.02; 0.65; 7.85; 0.18; 1.86; 0
39; 0.8900; 0.0099; 0.0000; 0.0000; 0.5063;      0;      0;      0; 65.91; 0.99; 29.41; 58.75; 1.09; 34.42; 0.8854; 0.0014; 0.0409; 0.0732; 0.0017; 0.0507; 15.67; 0.12; 3.52; 2.75; 0.02; 0.65; 7.85; 0.18; 1.86; 0
40; 0.8900; 0.0099; 0.0000; 0.0000; 0.5063;      0;      0;      0; 61.87; 1.00; 29.79; 55.14; 1.08; 34.01; 0.8839; 0.0014; 0.0427; 0.0730; 0.0018; 0.0522; 15.42; 0.12; 3.54; 2.75; 0.02; 0.65; 7.85; 0.18; 1.86; 0
41; 0.8590; 0.0110; 0.0310; 0.0055; 0.5063;      0;      0;      0; 68.88; 1.02; 29.91; 59.28; 1.15; 36.48; 0.8729; 0.0016; 0.0480; 0.0858; 0.0020; 0.0582; 14.18; 0.12; 3.39; 2.67; 0.02; 0.67; 8.54; 0.18; 2.10; 0
42; 0.8590; 0.0110; 0.0000; 0.0000; 0.5063; 0.0626; 0.0124; 0.3623; 68.88; 1.02; 29.91; 59.28; 1.15; 36.48; 0.8729; 0.0016; 0.0480; 0.0858; 0.0020; 0.0582; 14.18; 0.12; 3.39; 2.67; 0.02; 0.67; 8.54; 0.18; 2.10; 0
43; 0.8590; 0.0110; 0.0000; 0.0000; 0.5063;      0;      0;      0; 63.63; 0.99; 28.94; 54.77; 1.09; 34.62; 0.8735; 0.0016; 0.0469; 0.0842; 0.0020; 0.0579; 14.18; 0.12; 3.39; 2.68; 0.02; 0.67; 8.54; 0.18; 2.10; 0
44; 0.8550; 0.0111; 0.0040; 0.0020; 0.5063;      0;      0;      0; 59.97; 0.99; 29.05; 51.39; 1.08; 34.01; 0.8727; 0.0015; 0.0446; 0.0843; 0.0020; 0.0598; 14.01; 0.11; 3.33; 2.67; 0.02; 0.67; 8.61; 0.18; 2.11; 0
45; 0.8200; 0.0121; 0.0350; 0.0058; 0.5063;      0;      0;      0; 67.40; 1.04; 29.87; 55.36; 1.18; 37.32; 0.8605; 0.0018; 0.0529; 0.0971; 0.0022; 0.0637; 13.06; 0.11; 3.20; 2.59; 0.02; 0.68; 9.27; 0.17; 2.32; 0
46; 0.8200; 0.0121; 0.0000; 0.0000; 0.5063; 0.0587; 0.0134; 0.3829; 67.40; 1.04; 29.87; 55.36; 1.18; 37.32; 0.8605; 0.0018; 0.0529; 0.0971; 0.0022; 0.0637; 13.06; 0.11; 3.20; 2.59; 0.02; 0.68; 9.27; 0.17; 2.32; 0
47; 0.8200; 0.0121; 0.0000; 0.0000; 0.5063;      0;      0;      0; 62.20; 1.01; 28.95; 51.10; 1.12; 35.35; 0.8615; 0.0018; 0.0524; 0.0949; 0.0022; 0.0634; 13.06; 0.11; 3.20; 2.60; 0.02; 0.68; 9.27; 0.17; 2.32; 0
48; 0.8190; 0.0122; 0.0010; 0.0010; 0.5063;      0;      0;      0; 58.29; 1.02; 29.13; 47.83; 1.09; 34.50; 0.8607; 0.0018; 0.0522; 0.0952; 0.0023; 0.0648; 12.90; 0.11; 3.19; 2.59; 0.02; 0.69; 9.28; 0.17; 2.33; 0
49; 0.7940; 0.0128; 0.0250; 0.0049; 0.5063;      0;      0;      0; 65.70; 1.07; 30.19; 52.24; 1.19; 37.72; 0.8499; 0.0021; 0.0581; 0.1079; 0.0026; 0.0725; 12.07; 0.11; 2.96; 2.52; 0.02; 0.70; 9.73; 0.17; 2.50; 0
50; 0.7940; 0.0128; 0.0000; 0.0000; 0.5063; 0.0697; 0.0122; 0.3430; 65.70; 1.07; 30.19; 52.24; 1.19; 37.72; 0.8499; 0.0021; 0.0581; 0.1079; 0.0026; 0.0725; 12.07; 0.11; 2.96; 2.52; 0.02; 0.70; 9.73; 0.17; 2.50; 0
51; 0.7940; 0.0128; 0.0000; 0.0000; 0.5063;      0;      0;      0; 60.48; 1.03; 29.16; 48.10; 1.13; 35.60; 0.8513; 0.0020; 0.0563; 0.1062; 0.0025; 0.0716; 12.07; 0.11; 2.96; 2.52; 0.02; 0.70; 9.73; 0.17; 2.50; 0
52; 0.7920; 0.0128; 0.0020; 0.0014; 0.5063;      0;      0;      0; 56.87; 1.03; 29.07; 45.11; 1.09; 34.59; 0.8501; 0.0020; 0.0569; 0.1074; 0.0026; 0.0734; 11.90; 0.10; 2.95; 2.52; 0.02; 0.70; 9.76; 0.17; 2.51; 0
53; 0.7470; 0.0137; 0.0450; 0.0066; 0.5063;      0;      0;      0; 64.71; 1.06; 29.01; 48.46; 1.19; 37.55; 0.8388; 0.0023; 0.0629; 0.1230; 0.0029; 0.0796; 11.25; 0.10; 2.73; 2.42; 0.02; 0.68; 10.52; 0.18; 2.79; 0
54; 0.7470; 0.0137; 0.0000; 0.0000; 0.5063; 0.0508; 0.0139; 0.3811; 64.71; 1.06; 29.01; 48.46; 1.19; 37.55; 0.8388; 0.0023; 0.0629; 0.1230; 0.0029; 0.0796; 11.25; 0.10; 2.73; 2.42; 0.02; 0.68; 10.52; 0.18; 2.79; 0
55; 0.7470; 0.0137; 0.0000; 0.0000; 0.5063;      0;      0;      0; 59.57; 1.02; 27.93; 44.61; 1.12; 35.27; 0.8400; 0.0022; 0.0603; 0.1212; 0.0029; 0.0796; 11.25; 0.10; 2.73; 2.43; 0.02; 0.68; 10.52; 0.18; 2.79; 0
56; 0.7450; 0.0138; 0.0020; 0.0014; 0.5063;      0;      0;      0; 55.84; 1.02; 27.95; 41.72; 1.08; 34.13; 0.8394; 0.0022; 0.0610; 0.1212; 0.0030; 0.0813; 11.14; 0.10; 2.74; 2.43; 0.03; 0.69; 10.55; 0.18; 2.80; 0
57; 0.7080; 0.0144; 0.0370; 0.0060; 0.5063;      0;      0;      0; 64.74; 1.13; 30.07; 45.95; 1.22; 38.69; 0.8283; 0.0024; 0.0632; 0.1296; 0.0030; 0.0797; 10.47; 0.10; 2.57; 2.31; 0.03; 0.68; 11.11; 0.18; 3.01; 0
58; 0.7080; 0.0144; 0.0000; 0.0000; 0.5063; 0.0687; 0.0138; 0.3678; 64.74; 1.13; 30.07; 45.95; 1.22; 38.69; 0.8283; 0.0024; 0.0632; 0.1296; 0.0030; 0.0797; 10.47; 0.10; 2.57; 2.31; 0.03; 0.68; 11.11; 0.18; 3.01; 0
59; 0.7080; 0.0144; 0.0000; 0.0000; 0.5063;      0;      0;      0; 59.56; 1.09; 29.07; 42.28; 1.15; 36.37; 0.8294; 0.0024; 0.0628; 0.1283; 0.0030; 0.0807; 10.47; 0.10; 2.57; 2.32; 0.03; 0.68; 11.11; 0.18; 3.01; 0
60; 0.7070; 0.0144; 0.0010; 0.0010; 0.5063;      0;      0;      0; 55.86; 1.09; 29.10; 39.59; 1.11; 35.18; 0.8282; 0.0024; 0.0639; 0.1281; 0.0032; 0.0843; 10.34; 0.10; 2.56; 2.32; 0.03; 0.70; 11.12; 0.18; 3.01; 0
61; 0.6760; 0.0148; 0.0310; 0.0055; 0.5063;      0;      0;      0; 63.40; 1.15; 29.98; 42.97; 1.22; 38.46; 0.8160; 0.0027; 0.0699; 0.1433; 0.0036; 0.0937; 9.80; 0.10; 2.52; 2.21; 0.03; 0.69; 11.59; 0.18; 3.20; 0
62; 0.6760; 0.0148; 0.0000; 0.0000; 0.5063; 0.0675; 0.0134; 0.3491; 63.40; 1.15; 29.98; 42.97; 1.22; 38.46; 0.8160; 0.0027; 0.0699; 0.1433; 0.0036; 0.0937; 9.80; 0.10; 2.52; 2.21; 0.03; 0.69; 11.59; 0.18; 3.20; 0
63; 0.6760; 0.0148; 0.0000; 0.0000; 0.5063;      0;      0;      0; 58.30; 1.11; 28.83; 39.52; 1.14; 36.04; 0.8173; 0.0027; 0.0690; 0.1403; 0.0036; 0.0947; 9.80; 0.10; 2.52; 2.22; 0.03; 0.69; 11.59; 0.18; 3.20; 0
64; 0.6750; 0.0148; 0.0010; 0.0010; 0.5063;      0;      0;      0; 54.65; 1.11; 28.90; 36.99; 1.10; 34.81; 0.8157; 0.0027; 0.0701; 0.1405; 0.0037; 0.0954; 9.69; 0.10; 2.52; 2.22; 0.03; 0.70; 11.60; 0.18; 3.21; 0
65; 0.6360; 0.0152; 0.0390; 0.0061; 0.5063;      0;      0;      0; 63.82; 1.22; 30.64; 40.68; 1.24; 39.16; 0.8062; 0.0029; 0.0719; 0.1542; 0.0038; 0.0962; 9.23; 0.09; 2.38; 2.10; 0.03; 0.68; 12.18; 0.18; 3.46; 0
66; 0.6360; 0.0152; 0.0000; 0.0000; 0.5063; 0.0630; 0.0141; 0.3552; 63.82; 1.22; 30.64; 40.68; 1.24; 39.16; 0.8062; 0.0029; 0.0719; 0.1542; 0.0038; 0.0962; 9.23; 0.09; 2.38; 2.10; 0.03; 0.68; 12.18; 0.18; 3.46; 0
67; 0.6360; 0.0152; 0.0000; 0.0000; 0.5063;      0;      0;      0; 58.60; 1.18; 29.63; 37.36; 1.16; 36.71; 0.8070; 0.0028; 0.0716; 0.1527; 0.0039; 0.0982; 9.23; 0.09; 2.38; 2.11; 0.03; 0.68; 12.18; 0.18; 3.46; 0
68; 0.6360; 0.0152; 0.0000; 0.0000; 0.5063;      0;      0;      0; 54.92; 1.17; 29.62; 35.01; 1.12; 35.37; 0.8056; 0.0029; 0.0728; 0.1523; 0.0040; 0.1000; 9.11; 0.09; 2.37; 2.11; 0.03; 0.69; 12.18; 0.18; 3.46; 0
69; 0.5990; 0.0155; 0.0370; 0.0060; 0.5063;      0;      0;      0; 62.95; 1.20; 29.37; 37.79; 1.21; 38.25; 0.7965; 0.0032; 0.0780; 0.1597; 0.0039; 0.0953; 8.78; 0.09; 2.22; 2.01; 0.03; 0.69; 12.72; 0.18; 3.70; 0
70; 0.5990; 0.0155; 0.0000; 0.0000; 0.5063; 0.0620; 0.0145; 0.3537; 62.95; 1.20; 29.37; 37.79; 1.21; 38.25; 0.7965; 0.0032; 0.0780; 0.1597; 0.0039; 0.0953; 8.78; 0.09; 2.22; 2.01; 0.03; 0.69; 12.72; 0.18; 3.70; 0
71; 0.5990; 0.0155; 0.0000; 0.0000; 0.5063;      0;      0;      0; 57.77; 1.16; 28.30; 34.69; 1.13; 35.73; 0.7973; 0.0031; 0.0764; 0.1586; 0.0040; 0.0969; 8.78; 0.09; 2.22; 2.02; 0.03; 0.69; 12.72; 0.18; 3.70; 0
72; 0.5970; 0.0155; 0.0020; 0.0014; 0.5063;      0;      0;      0; 54.26; 1.15; 28.18; 32.47; 1.09; 34.32; 0.7962; 0.0032; 0.0774; 0.1581; 0.0041; 0.1001; 8.71; 0.09; 2.20; 2.02; 0.03; 0.68; 12.74; 0.18; 3.71; 0
73; 0.5630; 0.0157; 0.0340; 0.0057; 0.5063;      0;      0;      0; 61.16; 1.23; 29.21; 34.51; 1.18; 37.36; 0.7866; 0.0034; 0.0816; 0.1723; 0.0042; 0.1002; 8.40; 0.09; 2.08; 1.91; 0.03; 0.66; 13.23; 0.19; 3.94; 0
74; 0.5630; 0.0157; 0.0000; 0.0000; 0.5063; 0.0336; 0.0150; 0.3550; 61.16; 1.23; 29.21; 34.51; 1.18; 37.36; 0.7866; 0.0034; 0.0816; 0.1723; 0.0042; 0.1002; 8.40; 0.09; 2.08; 1.91; 0.03; 0.66; 13.23; 0.19; 3.94; 0
75; 0.5630; 0.0157; 0.0000; 0.0000; 0.5063;      0;      0;      0; 56.19; 1.18; 28.08; 31.72; 1.10; 34.88; 0.7878; 0.0034; 0.0812; 0.1696; 0.0043; 0.1025; 8.40; 0.09; 2.08; 1.92; 0.03; 0.67; 13.23; 0.19; 3.94; 0
76; 0.5610; 0.0157; 0.0020; 0.0014; 0.5063;      0;      0;      0; 52.51; 1.19; 28.08; 29.54; 1.06; 33.43; 0.7872; 0.0034; 0.0806; 0.1694; 0.0044; 0.1038; 8.32; 0.09; 2.08; 1.92; 0.03; 0.68; 13.26; 0.19; 3.95; 0
77; 0.5340; 0.0158; 0.0270; 0.0051; 0.5063;      0;      0;      0; 59.93; 1.30; 30.15; 32.08; 1.17; 37.08; 0.7750; 0.0037; 0.0858; 0.1815; 0.0043; 0.0998; 7.91; 0.09; 2.07; 1.84; 0.03; 0.68; 13.65; 0.19; 4.14; 0
78; 0.5340; 0.0158; 0.0000; 0.0000; 0.5063; 0.0501; 0.0153; 0.3535; 59.93; 1.30; 30.15; 32.08; 1.17; 37.08; 0.7750; 0.0037; 0.0858; 0.1815; 0.0043; 0.0998; 7.91; 0.09; 2.07; 1.84; 0.03; 0.68; 13.65; 0.19; 4.14; 0
79; 0.5340; 0.0158; 0.0000; 0.0000; 0.5063;      0;      0;      0; 54.85; 1.26; 29.09; 29.36; 1.09; 34.60; 0.7765; 0.0037; 0.0851; 0.1777; 0.0044; 0.1021; 7.91; 0.09; 2.07; 1.85; 0.03; 0.68; 13.65; 0.19; 4.14; 0
80; 0.5310; 0.0158; 0.0030; 0.0017; 0.5063;      0;      0;      0; 51.47; 1.25; 28.88; 27.41; 1.05; 33.15; 0.7755; 0.0039; 0.0900; 0.1778; 0.0048; 0.1097; 7.86; 0.09; 2.07; 1.85; 0.03; 0.68; 13.69; 0.19; 4.16; 0
81; 0.4980; 0.0158; 0.0330; 0.0056; 0.5063;      0;      0;      0; 57.18; 1.37; 30.48; 28.56; 1.13; 35.72; 0.7669; 0.0037; 0.0815; 0.1887; 0.0046; 0.1020; 7.54; 0.09; 1.92; 1.77; 0.03; 0.65; 14.17; 0.20; 4.41; 21
82; 0.4980; 0.0158; 0.0000; 0.0000; 0.5063; 0.0010; 0.0163; 0.3643; 57.18; 1.37; 30.48; 28.56; 1.13; 35.72; 0.7669; 0.0037; 0.0815; 0.1887; 0.0046; 0.1020; 7.54; 0.09; 1.92; 1.77; 0.03; 0.65; 14.17; 0.20; 4.41; 21
83; 0.4980; 0.0158; 0.0000; 0.0000; 0.5063;      0;      0;      0; 52.37; 1.31; 29.20; 26.17; 1.05; 33.27; 0.7679; 0.0037; 0.0819; 0.1858; 0.0047; 0.1057; 7.54; 0.09; 1.92; 1.78; 0.03; 0.66; 14.17; 0.20; 4.41; 21
84; 0.4970; 0.0158; 0.0010; 0.0010; 0.5063;      0;      0;      0; 48.77; 1.30; 28.99; 24.32; 1.00; 31.77; 0.7662; 0.0037; 0.0834; 0.1864; 0.0049; 0.1096; 7.43; 0.09; 1.90; 1.78; 0.03; 0.67; 14.18; 0.20; 4.42; 21
85; 0.4590; 0.0158; 0.0380; 0.0060; 0.5063;      0;      0;      0; 56.13; 1.44; 30.83; 25.85; 1.10; 34.86; 0.7519; 0.0043; 0.0921; 0.2077; 0.0054; 0.1161; 7.10; 0.09; 1.87; 1.69; 0.03; 0.67; 14.73; 0.20; 4.71; 21
86; 0.4590; 0.0158; 0.0000; 0.0000; 0.5063; 0.0150; 0.0176; 0.3763; 56.13; 1.44; 30.83; 25.85; 1.10; 34.86; 0.7519; 0.0043; 0.0921; 0.2077; 0.0054; 0.1161; 7.10; 0.09; 1.87; 1.69; 0.03; 0.67; 14.73; 0.20; 4.71; 21
87; 0.4590; 0.0158; 0.0000; 0.0000; 0.5063;      0;      0;      0; 51.25; 1.38; 29.60; 23.61; 1.03; 32.42; 0.7537; 0.0042; 0.0904; 0.2041; 0.0056; 0.1195; 7.10; 0.09; 1.87; 1.71; 0.03; 0.67; 14.73; 0.20; 4.71; 21
88; 0.4570; 0.0158; 0.0020; 0.0014; 0.5063;      0;      0;      0; 48.15; 1.36; 29.13; 22.09; 0.98; 30.98; 0.7526; 0.0042; 0.0908; 0.2049; 0.0056; 0.1208; 7.05; 0.09; 1.87; 1.70; 0.03; 0.68; 14.76; 0.20; 4.72; 21
89; 0.4120; 0.0156; 0.0450; 0.0066; 0.5063;      0;      0;      0; 57.02; 1.45; 29.49; 23.61; 1.07; 33.78; 0.7435; 0.0045; 0.0918; 0.2127; 0.0058; 0.1169; 6.81; 0.09; 1.74; 1.62; 0.03; 0.66; 15.39; 0.21; 5.04; 21
90; 0.4120; 0.0156; 0.0000; 0.0000; 0.5063; 0.0524; 0.0163; 0.3314; 57.02; 1.45; 29.49; 23.61; 1.07; 33.78; 0.7435; 0.0045; 0.0918; 0.2127; 0.0058; 0.1169; 6.81; 0.09; 1.74; 1.62; 0.03; 0.66; 15.39; 0.21; 5.04; 21
91; 0.4120; 0.0156; 0.0000; 0.0000; 0.5063;      0;      0;      0; 51.98; 1.40; 28.34; 21.54; 0.99; 31.32; 0.7450; 0.0045; 0.0904; 0.2123; 0.0060; 0.1212; 6.81; 0.09; 1.74; 1.64; 0.03; 0.67; 15.39; 0.21; 5.04; 21
92; 0.4110; 0.0156; 0.0010; 0.0010; 0.5063;      0;      0;      0; 48.82; 1.38; 27.93; 20.18; 0.95; 29.89; 0.7427; 0.0046; 0.0935; 0.2144; 0.0062; 0.1266; 6.74; 0.09; 1.77; 1.63; 0.03; 0.68; 15.40; 0.21; 5.04; 21
93; 0.3740; 0.0153; 0.0370; 0.0060; 0.5063;      0;      0;      0; 55.22; 1.47; 28.45; 20.76; 1.01; 31.82; 0.7321; 0.0049; 0.0956; 0.2256; 0.0063; 0.1225; 6.48; 0.09; 1.76; 1.56; 0.03; 0.67; 15.91; 0.21; 5.29; 21
94; 0.3740; 0.0153; 0.0000; 0.0000; 0.5063; -0.0125; 0.0191; 0.3693; 55.22; 1.47; 28.45; 20.76; 1.01; 31.82; 0.7321; 0.0049; 0.0956; 0.2256; 0.0063; 0.1225; 6.48; 0.09; 1.76; 1.56; 0.03; 0.67; 15.91; 0.21; 5.29; 21
95; 0.3740; 0.0153; 0.0000; 0.0000; 0.5063;      0;      0;      0; 50.40; 1.40; 27.16; 18.96; 0.93; 29.45; 0.7324; 0.0050; 0.0971; 0.2266; 0.0067; 0.1301; 6.48; 0.09; 1.76; 1.57; 0.03; 0.67; 15.91; 0.21; 5.29; 21
96; 0.3740; 0.0153; 0.0000; 0.0000; 0.5063;      0;      0;      0; 46.84; 1.39; 26.81; 17.61; 0.88; 27.92; 0.7312; 0.0051; 0.0984; 0.2262; 0.0068; 0.1323; 6.42; 0.09; 1.75; 1.57; 0.03; 0.67; 15.91; 0.21; 5.29; 21
97; 0.3470; 0.0151; 0.0270; 0.0051; 0.5063;      0;      0;      0; 53.15; 1.56; 29.02; 18.53; 0.96; 30.49; 0.7230; 0.0054; 0.1001; 0.2367; 0.0069; 0.1294; 6.20; 0.09; 1.67; 1.48; 0.03; 0.64; 16.29; 0.21; 5.49; 21
98; 0.3470; 0.0151; 0.0000; 0.0000; 0.5063; 0.0153; 0.0179; 0.3326; 53.15; 1.56; 29.02; 18.53; 0.96; 30.49; 0.7230; 0.0054; 0.1001; 0.2367; 0.0069; 0.1294; 6.20; 0.09; 1.67; 1.48; 0.03; 0.64; 16.29; 0.21; 5.49; 21
99; 0.3470; 0.0151; 0.0000; 0.0000; 0.5063;      0;      0;      0; 48.41; 1.48; 27.61; 16.88; 0.89; 28.16; 0.7245; 0.0053; 0.0981; 0.2345; 0.0069; 0.1286; 6.20; 0.09; 1.67; 1.49; 0.03; 0.65; 16.29; 0.21; 5.49; 21
100; 0.3470; 0.0151; 0.0000; 0.0000; 0.5063;      0;      0;      0; 44.96; 1.46; 27.24; 15.67; 0.84; 26.71; 0.7207; 0.0057; 0.1061; 0.2353; 0.0070; 0.1310; 6.16; 0.09; 1.67; 1.49; 0.04; 0.66; 16.29; 0.21; 5.49; 21
101; 0.3120; 0.0147; 0.0350; 0.0058; 0.5063;      0;      0;      0; 52.37; 1.72; 30.33; 16.42; 0.93; 29.55; 0.7111; 0.0065; 0.1140; 0.2464; 0.0076; 0.1334; 5.98; 0.09; 1.68; 1.43; 0.04; 0.67; 16.78; 0.22; 5.76; 21
102; 0.3120; 0.0147; 0.0000; 0.0000; 0.5063; -0.0131; 0.0215; 0.3789; 52.37; 1.72; 30.33; 16.42; 0.93; 29.55; 0.7111; 0.0065; 0.1140; 0.2464; 0.0076; 0.1334; 5.98; 0.09; 1.68; 1.43; 0.04; 0.67; 16.78; 0.22; 5.76; 21
103; 0.3120; 0.0147; 0.0000; 0.0000; 0.5063;      0;      0;      0; 47.73; 1.64; 28.90; 14.98; 0.86; 27.34; 0.7123; 0.0064; 0.1127; 0.2455; 0.0076; 0.1344; 5.98; 0.09; 1.68; 1.44; 0.04; 0.67; 16.78; 0.22; 5.76; 21
104; 0.3090; 0.0146; 0.0030; 0.0017; 0.5063;      0;      0;      0; 44.91; 1.61; 28.32; 13.96; 0.82; 26.00; 0.7118; 0.0065; 0.1138; 0.2464; 0.0078; 0.1380; 5.94; 0.09; 1.66; 1.44; 0.04; 0.66; 16.82; 0.22; 5.78; 21
105; 0.2780; 0.0142; 0.0310; 0.0055; 0.5063;      0;      0;      0; 51.32; 1.84; 30.70; 14.33; 0.89; 28.09; 0.7047; 0.0062; 0.1036; 0.2536; 0.0076; 0.1259; 5.76; 0.10; 1.59; 1.35; 0.04; 0.65; 17.26; 0.22; 6.02; 21
106; 0.2780; 0.0142; 0.0000; 0.0000; 0.5063; -0.0383; 0.0223; 0.3714; 51.32; 1.84; 30.70; 14.33; 0.89; 28.09; 0.7047; 0.0062; 0.1036; 0.2536; 0.0076; 0.1259; 5.76; 0.10; 1.59; 1.35; 0.04; 0.65; 17.26; 0.22; 6.02; 21
107; 0.2780; 0.0142; 0.0000; 0.0000; 0.5063;      0;      0;      0; 46.67; 1.76; 29.27; 13.04; 0.82; 25.95; 0.7056; 0.0062; 0.1030; 0.2528; 0.0077; 0.1286; 5.76; 0.10; 1.59; 1.35; 0.04; 0.65; 17.26; 0.22; 6.02; 21
108; 0.2770; 0.0142; 0.0010; 0.0010; 0.5063;      0;      0;      0; 43.54; 1.71; 28.46; 12.13; 0.78; 24.55; 0.7036; 0.0063; 0.1045; 0.2541; 0.0079; 0.1316; 5.70; 0.10; 1.59; 1.35; 0.04; 0.65; 17.27; 0.22; 6.03; 21
109; 0.2440; 0.0136; 0.0330; 0.0056; 0.5063;      0;      0;      0; 49.68; 1.82; 28.48; 12.20; 0.81; 25.52; 0.6973; 0.0067; 0.1039; 0.2632; 0.0087; 0.1360; 5.57; 0.10; 1.56; 1.30; 0.04; 0.66; 17.74; 0.23; 6.29; 21
110; 0.2440; 0.0136; 0.0000; 0.0000; 0.5063; -0.0288; 0.0224; 0.3504; 49.68; 1.82; 28.48; 12.20; 0.81; 25.52; 0.6973; 0.0067; 0.1039; 0.2632; 0.0087; 0.1360; 5.57; 0.10; 1.56; 1.30; 0.04; 0.66; 17.74; 0.23; 6.29; 21
111; 0.2440; 0.0136; 0.0000; 0.0000; 0.5063;      0;      0;      0; 44.99; 1.74; 27.17; 11.06; 0.74; 23.49; 0.6984; 0.0066; 0.1024; 0.2611; 0.0087; 0.1365; 5.57; 0.10; 1.56; 1.31; 0.04; 0.67; 17.74; 0.23; 6.29; 21
112; 0.2430; 0.0136; 0.0010; 0.0010; 0.5063;      0;      0;      0; 41.85; 1.70; 26.55; 10.25; 0.70; 22.18; 0.6956; 0.0068; 0.1061; 0.2594; 0.0089; 0.1383; 5.53; 0.10; 1.56; 1.30; 0.04; 0.67; 17.75; 0.23; 6.29; 21
113; 0.2190; 0.0131; 0.0240; 0.0048; 0.5063;      0;      0;      0; 48.30; 1.90; 28.05; 10.65; 0.76; 23.88; 0.6842; 0.0076; 0.1120; 0.2797; 0.0097; 0.1431; 5.42; 0.10; 1.48; 1.20; 0.04; 0.65; 18.10; 0.23; 6.49; 21
114; 0.2190; 0.0131; 0.0000; 0.0000; 0.5063; -0.0069; 0.0251; 0.3715; 48.30; 1.90; 28.05; 10.65; 0.76; 23.88; 0.6842; 0.0076; 0.1120; 0.2797; 0.0097; 0.1431; 5.42; 0.10; 1.48; 1.20; 0.04; 0.65; 18.10; 0.23; 6.49; 21
115; 0.2190; 0.0131; 0.0000; 0.0000; 0.5063;      0;      0;      0; 43.60; 1.81; 26.76; 9.62; 0.69; 21.92; 0.6862; 0.0073; 0.1083; 0.2765; 0.0096; 0.1423; 5.42; 0.10; 1.48; 1.20; 0.04; 0.65; 18.10; 0.23; 6.49; 21
116; 0.2180; 0.0131; 0.0010; 0.0010; 0.5063;      0;      0;      0; 40.55; 1.77; 26.13; 8.90; 0.65; 20.69; 0.6831; 0.0076; 0.1120; 0.2770; 0.0097; 0.1427; 5.39; 0.10; 1.49; 1.20; 0.04; 0.64; 18.11; 0.23; 6.50; 21
117; 0.1940; 0.0125; 0.0240; 0.0048; 0.5063;      0;      0;      0; 48.31; 2.17; 30.28; 9.43; 0.74; 23.27; 0.6752; 0.0089; 0.1245; 0.2808; 0.0114; 0.1583; 5.30; 0.11; 1.50; 1.13; 0.05; 0.63; 18.47; 0.24; 6.72; 21
118; 0.1940; 0.0125; 0.0000; 0.0000; 0.5063; -0.0105; 0.0279; 0.3885; 48.31; 2.17; 30.28; 9.43; 0.74; 23.27; 0.6752; 0.0089; 0.1245; 0.2808; 0.0114; 0.1583; 5.30; 0.11; 1.50; 1.13; 0.05; 0.63; 18.47; 0.24; 6.72; 21
119; 0.1940; 0.0125; 0.0000; 0.0000; 0.5063;      0;      0;      0; 43.69; 2.07; 28.81; 8.53; 0.68; 21.41; 0.6760; 0.0090; 0.1251; 0.2797; 0.0116; 0.1622; 5.30; 0.11; 1.50; 1.14; 0.05; 0.64; 18.47; 0.24; 6.72; 21
120; 0.1930; 0.0125; 0.0010; 0.0010; 0.5063;      0;      0;      0; 41.08; 2.03; 28.26; 7.98; 0.65; 20.40; 0.6750; 0.0089; 0.1233; 0.2787; 0.0118; 0.1645; 5.26; 0.11; 1.50; 1.14; 0.05; 0.65; 18.48; 0.24; 6.72; 21
121; 0.1710; 0.0119; 0.0220; 0.0046; 0.5063;      0;      0;      0; 46.72; 2.17; 28.36; 8.04; 0.67; 21.12; 0.6688; 0.0093; 0.1213; 0.2832; 0.0116; 0.1513; 5.14; 0.11; 1.46; 1.07; 0.04; 0.57; 18.81; 0.24; 6.93; 21
122; 0.1710; 0.0119; 0.0000; 0.0000; 0.5063; -0.0483; 0.0284; 0.3710; 46.72; 2.17; 28.36; 8.04; 0.67; 21.12; 0.6688; 0.0093; 0.1213; 0.2832; 0.0116; 0.1513; 5.14; 0.11; 1.46; 1.07; 0.04; 0.57; 18.81; 0.24; 6.93; 21
123; 0.1710; 0.0119; 0.0000; 0.0000; 0.5063;      0;      0;      0; 42.19; 2.06; 26.92; 7.27; 0.61; 19.38; 0.6720; 0.0091; 0.1196; 0.2778; 0.0117; 0.1534; 5.14; 0.11; 1.46; 1.08; 0.04; 0.59; 18.81; 0.24; 6.93; 21
124; 0.1690; 0.0119; 0.0020; 0.0014; 0.5063;      0;      0;      0; 39.39; 2.00; 26.00; 6.72; 0.58; 18.20; 0.6717; 0.0091; 0.1188; 0.2792; 0.0120; 0.1559; 5.12; 0.11; 1.46; 1.08; 0.05; 0.59; 18.84; 0.24; 6.95; 21
125; 0.1520; 0.0114; 0.0170; 0.0041; 0.5063;      0;      0;      0; 44.89; 2.25; 27.74; 6.88; 0.61; 19.39; 0.6606; 0.0105; 0.1295; 0.2932; 0.0127; 0.1563; 4.94; 0.12; 1.46; 1.02; 0.05; 0.56; 19.11; 0.24; 7.12; 21
126; 0.1520; 0.0114; 0.0000; 0.0000; 0.5063; -0.0297; 0.0293; 0.3618; 44.89; 2.25; 27.74; 6.88; 0.61; 19.39; 0.6606; 0.0105; 0.1295; 0.2932; 0.0127; 0.1563; 4.94; 0.12; 1.46; 1.02; 0.05; 0.56; 19.11; 0.24; 7.12; 21
127; 0.1520; 0.0114; 0.0000; 0.0000; 0.5063;      0;      0;      0; 40.67; 2.13; 26.27; 6.24; 0.56; 17.81; 0.6621; 0.0104; 0.1283; 0.2899; 0.0128; 0.1582; 4.94; 0.12; 1.46; 1.03; 0.05; 0.57; 19.11; 0.24; 7.12; 21
128; 0.1490; 0.0113; 0.0030; 0.0017; 0.5063;      0;      0;      0; 37.94; 2.07; 25.29; 5.71; 0.53; 16.64; 0.6622; 0.0106; 0.1299; 0.2948; 0.0131; 0.1598; 4.95; 0.12; 1.44; 1.01; 0.05; 0.55; 19.15; 0.25; 7.15; 21
129; 0.1310; 0.0107; 0.0180; 0.0042; 0.5063;      0;      0;      0; 43.82; 2.24; 25.65; 5.78; 0.55; 17.44; 0.6565; 0.0112; 0.1287; 0.3097; 0.0144; 0.1652; 4.84; 0.11; 1.30; 0.96; 0.05; 0.54; 19.44; 0.25; 7.35; 21
130; 0.1310; 0.0107; 0.0000; 0.0000; 0.5063; -0.0375; 0.0325; 0.3721; 43.82; 2.24; 25.65; 5.78; 0.55; 17.44; 0.6565; 0.0112; 0.1287; 0.3097; 0.0144; 0.1652; 4.84; 0.11; 1.30; 0.96; 0.05; 0.54; 19.44; 0.25; 7.35; 21
131; 0.1310; 0.0107; 0.0000; 0.0000; 0.5063;      0;      0;      0; 39.41; 2.10; 24.03; 5.20; 0.50; 15.87; 0.6587; 0.0111; 0.1276; 0.3044; 0.0146; 0.1669; 4.84; 0.11; 1.30; 0.97; 0.05; 0.54; 19.44; 0.25; 7.35; 21
132; 0.1290; 0.0106; 0.0020; 0.0014; 0.5063;      0;      0;      0; 36.77; 2.02; 22.92; 4.78; 0.47; 14.80; 0.6573; 0.0117; 0.1333; 0.3055; 0.0153; 0.1740; 4.75; 0.12; 1.32; 0.97; 0.05; 0.54; 19.47; 0.25; 7.37; 21
133; 0.1100; 0.0099; 0.0190; 0.0043; 0.5063;      0;      0;      0; 43.55; 2.56; 26.86; 4.83; 0.51; 16.26; 0.6545; 0.0132; 0.1383; 0.3037; 0.0151; 0.1586; 4.76; 0.12; 1.26; 0.84; 0.04; 0.42; 19.78; 0.25; 7.58; 21
134; 0.1100; 0.0099; 0.0000; 0.0000; 0.5063; -0.0691; 0.0356; 0.3730; 43.55; 2.56; 26.86; 4.83; 0.51; 16.26; 0.6545; 0.0132; 0.1383; 0.3037; 0.0151; 0.1586; 4.76; 0.12; 1.26; 0.84; 0.04; 0.42; 19.78; 0.25; 7.58; 21
135; 0.1100; 0.0099; 0.0000; 0.0000; 0.5063;      0;      0;      0; 39.28; 2.42; 25.37; 4.36; 0.47; 14.87; 0.6529; 0.0132; 0.1387; 0.3042; 0.0154; 0.1618; 4.76; 0.12; 1.26; 0.85; 0.04; 0.41; 19.78; 0.25; 7.58; 21
136; 0.1100; 0.0099; 0.0000; 0.0000; 0.5063;      0;      0;      0; 36.38; 2.34; 24.52; 4.04; 0.44; 13.97; 0.6525; 0.0133; 0.1400; 0.3017; 0.0161; 0.1693; 4.73; 0.12; 1.26; 0.85; 0.04; 0.41; 19.78; 0.25; 7.58; 21
137; 0.0930; 0.0092; 0.0170; 0.0041; 0.5063;      0;      0;      0; 45.38; 3.06; 29.50; 4.26; 0.50; 15.93; 0.6356; 0.0161; 0.1555; 0.3167; 0.0184; 0.1772; 4.59; 0.14; 1.32; 0.81; 0.05; 0.44; 20.07; 0.26; 7.79; 21
138; 0.0930; 0.0092; 0.0000; 0.0000; 0.5063; -0.0196; 0.0416; 0.4012; 45.38; 3.06; 29.50; 4.26; 0.50; 15.93; 0.6356; 0.0161; 0.1555; 0.3167; 0.0184; 0.1772; 4.59; 0.14; 1.32; 0.81; 0.05; 0.44; 20.07; 0.26; 7.79; 21
139; 0.0930; 0.0092; 0.0000; 0.0000; 0.5063;      0;      0;      0; 40.83; 2.89; 27.91; 3.84; 0.46; 14.57; 0.6380; 0.0160; 0.1541; 0.3112; 0.0182; 0.1752; 4.59; 0.14; 1.32; 0.82; 0.05; 0.44; 20.07; 0.26; 7.79; 21
140; 0.0930; 0.0092; 0.0000; 0.0000; 0.5063;      0;      0;      0; 38.40; 2.84; 27.42; 3.61; 0.44; 13.91; 0.6376; 0.0160; 0.1543; 0.3092; 0.0184; 0.1771; 4.55; 0.13; 1.28; 0.82; 0.05; 0.44; 20.07; 0.26; 7.79; 21
141; 0.0790; 0.0085; 0.0140; 0.0037; 0.5063;      0;      0;      0; 44.01; 3.06; 27.20; 3.50; 0.45; 14.10; 0.6186; 0.0177; 0.1569; 0.3309; 0.0202; 0.1794; 4.46; 0.14; 1.25; 0.75; 0.05; 0.41; 20.31; 0.26; 7.97; 21
142; 0.0790; 0.0085; 0.0000; 0.0000; 0.5063; -0.0346; 0.0344; 0.3061; 44.01; 3.06; 27.20; 3.50; 0.45; 14.10; 0.6186; 0.0177; 0.1569; 0.3309; 0.0202; 0.1794; 4.46; 0.14; 1.25; 0.75; 0.05; 0.41; 20.31; 0.26; 7.97; 21
143; 0.0790; 0.0085; 0.0000; 0.0000; 0.5063;      0;      0;      0; 39.68; 2.89; 25.69; 3.16; 0.41; 12.89; 0.6245; 0.0172; 0.1528; 0.3218; 0.0201; 0.1783; 4.46; 0.14; 1.25; 0.77; 0.05; 0.42; 20.31; 0.26; 7.97; 21
144; 0.0790; 0.0085; 0.0000; 0.0000; 0.5063;      0;      0;      0; 36.85; 2.84; 25.27; 2.93; 0.39; 12.19; 0.6215; 0.0181; 0.1605; 0.3296; 0.0215; 0.1907; 4.44; 0.14; 1.28; 0.77; 0.05; 0.43; 20.31; 0.26; 7.97; 21
145; 0.0680; 0.0080; 0.0110; 0.0033; 0.5063;      0;      0;      0; 42.19; 3.25; 26.81; 2.89; 0.40; 12.69; 0.6074; 0.0184; 0.1516; 0.3522; 0.0217; 0.1793; 4.31; 0.14; 1.18; 0.71; 0.05; 0.40; 20.50; 0.27; 8.13; 21
146; 0.0680; 0.0080; 0.0000; 0.0000; 0.5063; -0.0905; 0.0539; 0.4442; 42.19; 3.25; 26.81; 2.89; 0.40; 12.69; 0.6074; 0.0184; 0.1516; 0.3522; 0.0217; 0.1793; 4.31; 0.14; 1.18; 0.71; 0.05; 0.40; 20.50; 0.27; 8.13; 21
147; 0.0680; 0.0080; 0.0000; 0.0000; 0.5063;      0;      0;      0; 37.66; 3.08; 25.39; 2.58; 0.36; 11.54; 0.6120; 0.0177; 0.1463; 0.3452; 0.0211; 0.1737; 4.31; 0.14; 1.18; 0.72; 0.05; 0.40; 20.50; 0.27; 8.13; 21
148; 0.0680; 0.0080; 0.0000; 0.0000; 0.5063;      0;      0;      0; 34.99; 2.93; 24.14; 2.40; 0.34; 10.80; 0.6110; 0.0175; 0.1442; 0.3417; 0.0210; 0.1732; 4.28; 0.14; 1.16; 0.71; 0.05; 0.40; 20.50; 0.27; 8.13; 21
149; 0.0590; 0.0075; 0.0090; 0.0030; 0.5063;      0;      0;      0; 43.46; 3.85; 29.54; 2.59; 0.39; 12.47; 0.6008; 0.0193; 0.1484; 0.3395; 0.0216; 0.1660; 4.12; 0.15; 1.16; 0.68; 0.06; 0.42; 20.67; 0.27; 8.27; 21
150; 0.0590; 0.0075; 0.0000; 0.0000; 0.5063; 0.0131; 0.0475; 0.3647; 43.46; 3.85; 29.54; 2.59; 0.39; 12.47; 0.6008; 0.0193; 0.1484; 0.3395; 0.0216; 0.1660; 4.12; 0.15; 1.16; 0.68; 0.06; 0.42; 20.67; 0.27; 8.27; 21
151; 0.0590; 0.0075; 0.0000; 0.0000; 0.5063;      0;      0;      0; 39.03; 3.64; 27.93; 2.33; 0.36; 11.40; 0.6055; 0.0191; 0.1466; 0.3293; 0.0218; 0.1678; 4.12; 0.15; 1.16; 0.69; 0.05; 0.41; 20.67; 0.27; 8.27; 21
152; 0.0590; 0.0075; 0.0000; 0.0000; 0.5063;      0;      0;      0; 36.83; 3.55; 27.27; 2.20; 0.34; 10.89; 0.6095; 0.0187; 0.1438; 0.3240; 0.0216; 0.1663; 4.08; 0.15; 1.16; 0.68; 0.05; 0.41; 20.67; 0.27; 8.27; 21
153; 0.0480; 0.0068; 0.0110; 0.0033; 0.5063;      0;      0;      0; 43.31; 3.99; 27.64; 2.10; 0.35; 11.03; 0.5925; 0.0230; 0.1590; 0.3577; 0.0266; 0.1844; 4.06; 0.17; 1.16; 0.60; 0.06; 0.43; 20.88; 0.27; 8.45; 21
154; 0.0480; 0.0068; 0.0000; 0.0000; 0.5063; -0.1507; 0.0660; 0.4574; 43.31; 3.99; 27.64; 2.10; 0.35; 11.03; 0.5925; 0.0230; 0.1590; 0.3577; 0.0266; 0.1844; 4.06; 0.17; 1.16; 0.60; 0.06; 0.43; 20.88; 0.27; 8.45; 21
155; 0.0480; 0.0068; 0.0000; 0.0000; 0.5063;      0;      0;      0; 38.75; 3.74; 25.89; 1.88; 0.32; 10.01; 0.5971; 0.0229; 0.1588; 0.3501; 0.0269; 0.1866; 4.06; 0.17; 1.16; 0.60; 0.06; 0.44; 20.88; 0.27; 8.45; 21
156; 0.0480; 0.0068; 0.0000; 0.0000; 0.5063;      0;      0;      0; 35.71; 3.48; 24.14; 1.73; 0.29; 9.26; 0.5928; 0.0229; 0.1587; 0.3519; 0.0270; 0.1871; 4.02; 0.16; 1.14; 0.60; 0.06; 0.44; 20.88; 0.27; 8.45; 21
157; 0.0410; 0.0063; 0.0070; 0.0026; 0.5063;      0;      0;      0; 41.88; 3.86; 24.73; 1.73; 0.31; 9.67; 0.5918; 0.0248; 0.1586; 0.3664; 0.0297; 0.1899; 3.95; 0.16; 1.00; 0.58; 0.07; 0.48; 21.02; 0.28; 8.58; 21
158; 0.0410; 0.0063; 0.0000; 0.0000; 0.5063; -0.0334; 0.0477; 0.3051; 41.88; 3.86; 24.73; 1.73; 0.31; 9.67; 0.5918; 0.0248; 0.1586; 0.3664; 0.0297; 0.1899; 3.95; 0.16; 1.00; 0.58; 0.07; 0.48; 21.02; 0.28; 8.58; 21
159; 0.0410; 0.0063; 0.0000; 0.0000; 0.5063;      0;      0;      0; 37.56; 3.62; 23.20; 1.55; 0.28; 8.78; 0.5940; 0.0251; 0.1610; 0.3703; 0.0307; 0.1964; 3.95; 0.16; 1.00; 0.58; 0.07; 0.48; 21.02; 0.28; 8.58; 21
160; 0.0400; 0.0062; 0.0010; 0.0010; 0.5063;      0;      0;      0; 34.98; 3.44; 21.78; 1.41; 0.26; 8.10; 0.5897; 0.0265; 0.1677; 0.3796; 0.0321; 0.2031; 3.98; 0.16; 1.00; 0.55; 0.07; 0.45; 21.04; 0.28; 8.59; 21
161; 0.0330; 0.0056; 0.0070; 0.0026; 0.5063;      0;      0;      0; 42.82; 3.81; 21.89; 1.44; 0.27; 8.60; 0.5936; 0.0274; 0.1572; 0.3620; 0.0333; 0.1912; 3.91; 0.15; 0.88; 0.50; 0.08; 0.49; 21.19; 0.28; 8.73; 21
162; 0.0330; 0.0056; 0.0000; 0.0000; 0.5063; -0.0099; 0.0505; 0.2899; 42.82; 3.81; 21.89; 1.44; 0.27; 8.60; 0.5936; 0.0274; 0.1572; 0.3620; 0.0333; 0.1912; 3.91; 0.15; 0.88; 0.50; 0.08; 0.49; 21.19; 0.28; 8.73; 21
163; 0.0330; 0.0056; 0.0000; 0.0000; 0.5063;      0;      0;      0; 37.97; 3.62; 20.81; 1.28; 0.24; 7.74; 0.5949; 0.0266; 0.1528; 0.3677; 0.0329; 0.1892; 3.91; 0.15; 0.88; 0.50; 0.08; 0.48; 21.19; 0.28; 8.73; 21
164; 0.0320; 0.0056; 0.0010; 0.0010; 0.5063;      0;      0;      0; 35.25; 3.33; 18.81; 1.15; 0.22; 7.04; 0.5876; 0.0267; 0.1508; 0.3644; 0.0329; 0.1863; 3.84; 0.15; 0.85; 0.49; 0.09; 0.50; 21.21; 0.28; 8.75; 21
165; 0.0300; 0.0054; 0.0020; 0.0014; 0.5063;      0;      0;      0; 41.23; 5.50; 30.14; 1.25; 0.28; 8.71; 0.5798; 0.0281; 0.1541; 0.3667; 0.0340; 0.1865; 3.63; 0.18; 1.00; 0.35; 0.05; 0.28; 21.25; 0.28; 8.79; 21
166; 0.0300; 0.0054; 0.0000; 0.0000; 0.5063; -0.0223; 0.0673; 0.3686; 41.23; 5.50; 30.14; 1.25; 0.28; 8.71; 0.5798; 0.0281; 0.1541; 0.3667; 0.0340; 0.1865; 3.63; 0.18; 1.00; 0.35; 0.05; 0.28; 21.25; 0.28; 8.79; 21
167; 0.0300; 0.0054; 0.0000; 0.0000; 0.5063;      0;      0;      0; 36.53; 5.29; 29.00; 1.11; 0.25; 7.96; 0.5803; 0.0282; 0.1547; 0.3733; 0.0347; 0.1901; 3.63; 0.18; 1.00; 0.34; 0.05; 0.28; 21.25; 0.28; 8.79; 21
168; 0.0300; 0.0054; 0.0000; 0.0000; 0.5063;      0;      0;      0; 34.80; 5.34; 29.22; 1.05; 0.25; 7.75; 0.5761; 0.0289; 0.1581; 0.3720; 0.0358; 0.1962; 3.63; 0.18; 1.00; 0.35; 0.05; 0.28; 21.25; 0.28; 8.79; 21
169; 0.0260; 0.0050; 0.0040; 0.0020; 0.5063;      0;      0;      0; 37.96; 5.49; 27.98; 1.00; 0.24; 7.50; 0.5424; 0.0364; 0.1858; 0.4248; 0.0394; 0.2011; 3.42; 0.19; 0.99; 0.29; 0.05; 0.26; 21.34; 0.28; 8.88; 21
170; 0.0260; 0.0050; 0.0000; 0.0000; 0.5063; -0.0643; 0.0792; 0.4040; 37.96; 5.49; 27.98; 1.00; 0.24; 7.50; 0.5424; 0.0364; 0.1858; 0.4248; 0.0394; 0.2011; 3.42; 0.19; 0.99; 0.29; 0.05; 0.26; 21.34; 0.28; 8.88; 21
171; 0.0260; 0.0050; 0.0000; 0.0000; 0.5063;      0;      0;      0; 33.38; 5.22; 26.62; 0.88; 0.21; 6.79; 0.5481; 0.0356; 0.1814; 0.4152; 0.0394; 0.2009; 3.42; 0.19; 0.99; 0.30; 0.05; 0.27; 21.34; 0.28; 8.88; 21
172; 0.0250; 0.0049; 0.0010; 0.0010; 0.5063;      0;      0;      0; 32.36; 5.08; 25.42; 0.82; 0.20; 6.41; 0.5504; 0.0363; 0.1813; 0.4052; 0.0408; 0.2038; 3.48; 0.19; 0.96; 0.31; 0.05; 0.26; 21.36; 0.29; 8.90; 21
173; 0.0200; 0.0044; 0.0050; 0.0022; 0.5063;      0;      0;      0; 35.65; 6.68; 29.88; 0.73; 0.20; 6.48; 0.5444; 0.0419; 0.1873; 0.4089; 0.0501; 0.2241; 3.40; 0.22; 0.99; 0.26; 0.05; 0.23; 21.48; 0.29; 9.03; 21
174; 0.0200; 0.0044; 0.0000; 0.0000; 0.5063; -0.2814; 0.1041; 0.4656; 35.65; 6.68; 29.88; 0.73; 0.20; 6.48; 0.5444; 0.0419; 0.1873; 0.4089; 0.0501; 0.2241; 3.40; 0.22; 0.99; 0.26; 0.05; 0.23; 21.48; 0.29; 9.03; 21
175; 0.0200; 0.0044; 0.0000; 0.0000; 0.5063;      0;      0;      0; 32.20; 6.31; 28.24; 0.66; 0.19; 5.96; 0.5394; 0.0424; 0.1894; 0.4246; 0.0503; 0.2249; 3.40; 0.22; 0.99; 0.26; 0.05; 0.21; 21.48; 0.29; 9.03; 21
176; 0.0200; 0.0044; 0.0000; 0.0000; 0.5063;      0;      0;      0; 29.35; 6.05; 27.06; 0.60; 0.18; 5.55; 0.5392; 0.0425; 0.1899; 0.4201; 0.0502; 0.2245; 3.40; 0.22; 0.99; 0.26; 0.05; 0.23; 21.48; 0.29; 9.03; 21
177; 0.0160; 0.0040; 0.0040; 0.0020; 0.5063;      0;      0;      0; 37.44; 7.41; 29.65; 0.62; 0.19; 5.94; 0.5510; 0.0341; 0.1364; 0.4348; 0.0379; 0.1515; 3.44; 0.22; 0.89; 0.27; 0.07; 0.26; 21.57; 0.29; 9.13; 21
178; 0.0160; 0.0040; 0.0000; 0.0000; 0.5063; -0.0320; 0.0781; 0.3125; 37.44; 7.41; 29.65; 0.62; 0.19; 5.94; 0.5510; 0.0341; 0.1364; 0.4348; 0.0379; 0.1515; 3.44; 0.22; 0.89; 0.27; 0.07; 0.26; 21.57; 0.29; 9.13; 21
179; 0.0160; 0.0040; 0.0000; 0.0000; 0.5063;      0;      0;      0; 33.25; 6.97; 27.88; 0.55; 0.17; 5.40; 0.5542; 0.0342; 0.1369; 0.4285; 0.0376; 0.1503; 3.44; 0.22; 0.89; 0.28; 0.07; 0.26; 21.57; 0.29; 9.13; 21
180; 0.0150; 0.0038; 0.0010; 0.0010; 0.5063;      0;      0;      0; 32.53; 6.60; 25.58; 0.50; 0.16; 4.98; 0.5534; 0.0354; 0.1372; 0.4185; 0.0390; 0.1510; 3.47; 0.24; 0.92; 0.23; 0.05; 0.18; 21.60; 0.29; 9.16; 21
181; 0.0130; 0.0036; 0.0020; 0.0014; 0.5063;      0;      0;      0; 35.31; 7.16; 25.83; 0.46; 0.16; 4.90; 0.5040; 0.0585; 0.2110; 0.4705; 0.0603; 0.2173; 3.38; 0.31; 1.12; 0.24; 0.06; 0.20; 21.65; 0.29; 9.21; 21
182; 0.0130; 0.0036; 0.0000; 0.0000; 0.5063; -0.1541; 0.1159; 0.4178; 35.31; 7.16; 25.83; 0.46; 0.16; 4.90; 0.5040; 0.0585; 0.2110; 0.4705; 0.0603; 0.2173; 3.38; 0.31; 1.12; 0.24; 0.06; 0.20; 21.65; 0.29; 9.21; 21
183; 0.0130; 0.0036; 0.0000; 0.0000; 0.5063;      0;      0;      0; 31.08; 6.63; 23.91; 0.41; 0.14; 4.39; 0.5119; 0.0579; 0.2089; 0.4596; 0.0596; 0.2150; 3.38; 0.31; 1.12; 0.23; 0.05; 0.19; 21.65; 0.29; 9.21; 21
184; 0.0120; 0.0034; 0.0010; 0.0010; 0.5063;      0;      0;      0; 31.17; 6.49; 22.49; 0.38; 0.13; 4.14; 0.5322; 0.0592; 0.2049; 0.4441; 0.0623; 0.2158; 3.50; 0.31; 1.09; 0.22; 0.06; 0.20; 21.67; 0.29; 9.24; 21
185; 0.0100; 0.0031; 0.0020; 0.0014; 0.5063;      0;      0;      0; 35.10; 7.75; 24.49; 0.35; 0.13; 4.20; 0.5783; 0.0362; 0.1145; 0.3956; 0.0305; 0.0965; 3.40; 0.27; 0.84; 0.23; 0.06; 0.20; 21.72; 0.30; 9.30; 21
186; 0.0100; 0.0031; 0.0000; 0.0000; 0.5063; -0.2019; 0.1415; 0.4473; 35.10; 7.75; 24.49; 0.35; 0.13; 4.20; 0.5783; 0.0362; 0.1145; 0.3956; 0.0305; 0.0965; 3.40; 0.27; 0.84; 0.23; 0.06; 0.20; 21.72; 0.30; 9.30; 21
187; 0.0100; 0.0031; 0.0000; 0.0000; 0.5063;      0;      0;      0; 30.30; 7.26; 22.95; 0.30; 0.12; 3.72; 0.5786; 0.0382; 0.1209; 0.4138; 0.0319; 0.1008; 3.40; 0.27; 0.84; 0.25; 0.06; 0.20; 21.72; 0.30; 9.30; 21
188; 0.0100; 0.0031; 0.0000; 0.0000; 0.5063;      0;      0;      0; 26.70; 6.14; 19.43; 0.27; 0.10; 3.23; 0.5794; 0.0362; 0.1143; 0.3989; 0.0370; 0.1171; 3.40; 0.27; 0.84; 0.26; 0.07; 0.22; 21.72; 0.30; 9.30; 21
189; 0.0090; 0.0030; 0.0010; 0.0010; 0.5063;      0;      0;      0; 30.56; 6.86; 20.57; 0.28; 0.11; 3.42; 0.5984; 0.0299; 0.0896; 0.3828; 0.0483; 0.1449; 3.44; 0.24; 0.73; 0.31; 0.08; 0.25; 21.75; 0.30; 9.33; 21
190; 0.0090; 0.0030; 0.0000; 0.0000; 0.5063; -0.0527; 0.1319; 0.3957; 30.56; 6.86; 20.57; 0.28; 0.11; 3.42; 0.5984; 0.0299; 0.0896; 0.3828; 0.0483; 0.1449; 3.44; 0.24; 0.73; 0.31; 0.08; 0.25; 21.75; 0.30; 9.33; 21
191; 0.0090; 0.0030; 0.0000; 0.0000; 0.5063;      0;      0;      0; 27.11; 6.16; 18.48; 0.25; 0.10; 3.05; 0.5955; 0.0301; 0.0904; 0.3837; 0.0500; 0.1499; 3.44; 0.24; 0.73; 0.32; 0.09; 0.27; 21.75; 0.30; 9.33; 21
192; 0.0090; 0.0030; 0.0000; 0.0000; 0.5063;      0;      0;      0; 25.11; 5.78; 17.34; 0.23; 0.09; 2.84; 0.5930; 0.0330; 0.0991; 0.3895; 0.0553; 0.1659; 3.44; 0.24; 0.73; 0.33; 0.09; 0.27; 21.75; 0.30; 9.33; 21
193; 0.0070; 0.0026; 0.0020; 0.0014; 0.5063;      0;      0;      0; 37.43; 8.60; 22.74; 0.26; 0.11; 3.59; 0.5451; 0.0536; 0.1419; 0.3900; 0.0821; 0.2172; 3.29; 0.29; 0.76; 0.26; 0.11; 0.29; 21.80; 0.30; 9.40; 21
194; 0.0070; 0.0026; 0.0000; 0.0000; 0.5063; 0.1274; 0.1201; 0.3178; 37.43; 8.60; 22.74; 0.26; 0.11; 3.59; 0.5451; 0.0536; 0.1419; 0.3900; 0.0821; 0.2172; 3.29; 0.29; 0.76; 0.26; 0.11; 0.29; 21.80; 0.30; 9.40; 21
195; 0.0070; 0.0026; 0.0000; 0.0000; 0.5063;      0;      0;      0; 32.00; 8.38; 22.16; 0.23; 0.10; 3.17; 0.5515; 0.0503; 0.1332; 0.4004; 0.0795; 0.2104; 3.29; 0.29; 0.76; 0.26; 0.10; 0.25; 21.80; 0.30; 9.40; 21
196; 0.0070; 0.0026; 0.0000; 0.0000; 0.5063;      0;      0;      0; 30.29; 8.28; 21.91; 0.21; 0.10; 3.04; 0.5464; 0.0537; 0.1420; 0.3951; 0.0770; 0.2038; 3.29; 0.29; 0.76; 0.24; 0.10; 0.26; 21.80; 0.30; 9.40; 21
197; 0.0070; 0.0026; 0.0000; 0.0000; 0.5063;      0;      0;      0; 31.00; 11.31; 29.92; 0.22; 0.11; 3.47; 0.5481; 0.0413; 0.1092; 0.3925; 0.0604; 0.1599; 3.29; 0.29; 0.76; 0.23; 0.11; 0.28; 21.80; 0.30; 9.40; 21
198; 0.0070; 0.0026; 0.0000; 0.0000; 0.5063; -0.2045; 0.1944; 0.5143; 31.00; 11.31; 29.92; 0.22; 0.11; 3.47; 0.5481; 0.0413; 0.1092; 0.3925; 0.0604; 0.1599; 3.29; 0.29; 0.76; 0.23; 0.11; 0.28; 21.80; 0.30; 9.40; 21
199; 0.0070; 0.0026; 0.0000; 0.0000; 0.5063;      0;      0;      0; 28.43; 10.48; 27.74; 0.20; 0.10; 3.20; 0.5478; 0.0405; 0.1073; 0.3867; 0.0627; 0.1660; 3.29; 0.29; 0.76; 0.24; 0.11; 0.28; 21.80; 0.30; 9.40; 21
200; 0.0070; 0.0026; 0.0000; 0.0000; 0.5063;      0;      0;      0; 26.86; 10.13; 26.80; 0.19; 0.10; 3.06; 0.5444; 0.0418; 0.1106; 0.3916; 0.0593; 0.1569; 3.29; 0.29; 0.76; 0.25; 0.11; 0.28; 21.80; 0.30; 9.40; 21
201; 0.0050; 0.0022; 0.0020; 0.0014; 0.5063;      0;      0;      0; 38.40; 11.86; 26.52; 0.19; 0.10; 3.19; 0.5268; 0.0689; 0.1542; 0.3916; 0.0883; 0.1973; 3.60; 0.24; 0.55; 0.16; 0.08; 0.18; 21.86; 0.30; 9.49; 21
202; 0.0050; 0.0022; 0.0000; 0.0000; 0.5063; -0.0241; 0.1907; 0.4263; 38.40; 11.86; 26.52; 0.19; 0.10; 3.19; 0.5268; 0.0689; 0.1542; 0.3916; 0.0883; 0.1973; 3.60; 0.24; 0.55; 0.16; 0.08; 0.18; 21.86; 0.30; 9.49; 21
203; 0.0050; 0.0022; 0.0000; 0.0000; 0.5063;      0;      0;      0; 34.00; 10.96; 24.51; 0.17; 0.09; 2.86; 0.5201; 0.0698; 0.1561; 0.3983; 0.0873; 0.1953; 3.60; 0.24; 0.55; 0.17; 0.08; 0.18; 21.86; 0.30; 9.49; 21
204; 0.0050; 0.0022; 0.0000; 0.0000; 0.5063;      0;      0;      0; 29.00; 9.73; 21.75; 0.15; 0.08; 2.47; 0.5258; 0.0723; 0.1617; 0.3893; 0.0939; 0.2099; 3.60; 0.24; 0.55; 0.16; 0.08; 0.17; 21.86; 0.30; 9.49; 21
205; 0.0050; 0.0022; 0.0000; 0.0000; 0.5063;      0;      0;      0; 33.80; 17.03; 38.09; 0.17; 0.11; 3.39; 0.4921; 0.0712; 0.1591; 0.4604; 0.0496; 0.1109; 3.40; 0.40; 0.89; 0.16; 0.08; 0.17; 21.86; 0.30; 9.49; 21
206; 0.0050; 0.0022; 0.0000; 0.0000; 0.5063; -0.2841; 0.2905; 0.6496; 33.80; 17.03; 38.09; 0.17; 0.11; 3.39; 0.4921; 0.0712; 0.1591; 0.4604; 0.0496; 0.1109; 3.40; 0.40; 0.89; 0.16; 0.08; 0.17; 21.86; 0.30; 9.49; 21
207; 0.0050; 0.0022; 0.0000; 0.0000; 0.5063;      0;      0;      0; 30.60; 15.95; 35.66; 0.15; 0.10; 3.12; 0.5040; 0.0777; 0.1738; 0.4194; 0.0793; 0.1773; 3.40; 0.40; 0.89; 0.17; 0.08; 0.18; 21.86; 0.30; 9.49; 21
208; 0.0040; 0.0020; 0.0010; 0.0010; 0.5063;      0;      0;      0; 36.25; 18.55; 37.10; 0.15; 0.10; 3.06; 0.5265; 0.0925; 0.1851; 0.4129; 0.1005; 0.2011; 3.50; 0.29; 0.58; 0.21; 0.09; 0.17; 21.89; 0.30; 9.53; 21
209; 0.0040; 0.0020; 0.0000; 0.0000; 0.5063;      0;      0;      0; 39.75; 24.62; 49.24; 0.16; 0.12; 3.69; 0.4904; 0.0731; 0.1463; 0.4358; 0.0962; 0.1924; 3.25; 0.25; 0.50; 0.20; 0.11; 0.23; 21.89; 0.30; 9.53; 21
210; 0.0040; 0.0020; 0.0000; 0.0000; 0.5063; -0.0806; 0.1461; 0.2921; 39.75; 24.62; 49.24; 0.16; 0.12; 3.69; 0.4904; 0.0731; 0.1463; 0.4358; 0.0962; 0.1924; 3.25; 0.25; 0.50; 0.20; 0.11; 0.23; 21.89; 0.30; 9.53; 21
211; 0.0040; 0.0020; 0.0000; 0.0000; 0.5063;      0;      0;      0; 36.75; 23.31; 46.63; 0.15; 0.11; 3.45; 0.4840; 0.0809; 0.1617; 0.4339; 0.0989; 0.1979; 3.25; 0.25; 0.50; 0.20; 0.11; 0.23; 21.89; 0.30; 9.53; 21
212; 0.0040; 0.0020; 0.0000; 0.0000; 0.5063;      0;      0;      0; 36.50; 23.41; 46.82; 0.15; 0.11; 3.45; 0.4876; 0.0817; 0.1634; 0.4173; 0.1022; 0.2044; 3.25; 0.25; 0.50; 0.21; 0.13; 0.25; 21.89; 0.30; 9.53; 21
213; 0.0020; 0.0014; 0.0020; 0.0014; 0.5063;      0;      0;      0; 64.50; 16.50; 23.33; 0.13; 0.09; 2.98; 0.4506; 0.1423; 0.2012; 0.5332; 0.1752; 0.2477; 3.50; 0.50; 0.71; 0.02; 0.02; 0.03; 21.96; 0.30; 9.63; 21
214; 0.0020; 0.0014; 0.0000; 0.0000; 0.5063; 0.1397; 0.3993; 0.5646; 64.50; 16.50; 23.33; 0.13; 0.09; 2.98; 0.4506; 0.1423; 0.2012; 0.5332; 0.1752; 0.2477; 3.50; 0.50; 0.71; 0.02; 0.02; 0.03; 21.96; 0.30; 9.63; 21
215; 0.0020; 0.0014; 0.0000; 0.0000; 0.5063;      0;      0;      0; 58.50; 16.50; 23.33; 0.12; 0.09; 2.72; 0.4513; 0.1386; 0.1960; 0.5371; 0.1771; 0.2505; 3.50; 0.50; 0.71; 0.01; 0.01; 0.02; 21.96; 0.30; 9.63; 21
216; 0.0020; 0.0014; 0.0000; 0.0000; 0.5063;      0;      0;      0; 56.50; 14.50; 20.51; 0.12; 0.08; 2.61; 0.4470; 0.1343; 0.1900; 0.5402; 0.1740; 0.2461; 3.50; 0.50; 0.71; 0.01; 0.01; 0.02; 21.96; 0.30; 9.63; 21
217; 0.0020; 0.0014; 0.0000; 0.0000; 0.5063;      0;      0;      0; 48.50; 13.50; 19.09; 0.10; 0.07; 2.25; 0.4843; 0.1022; 0.1446; 0.5426; 0.1717; 0.2428; 3.00; 1.00; 1.41; 0.00; 0.00; 0.00; 21.96; 0.30; 9.63; 21
218; 0.0020; 0.0014; 0.0000; 0.0000; 0.5063; -0.1589; 0.0234; 0.0331; 48.50; 13.50; 19.09; 0.10; 0.07; 2.25; 0.4843; 0.1022; 0.1446; 0.5426; 0.1717; 0.2428; 3.00; 1.00; 1.41; 0.00; 0.00; 0.00; 21.96; 0.30; 9.63; 21
219; 0.0020; 0.0014; 0.0000; 0.0000; 0.5063;      0;      0;      0; 43.50; 12.50; 17.68; 0.09; 0.06; 2.02; 0.4713; 0.1217; 0.1721; 0.5262; 0.1512; 0.2138; 3.00; 1.00; 1.41; 0.00; 0.00; 0.00; 21.96; 0.30; 9.63; 21
220; 0.0020; 0.0014; 0.0000; 0.0000; 0.5063;      0;      0;      0; 38.00; 13.00; 18.38; 0.08; 0.06; 1.80; 0.4924; 0.1076; 0.1521; 0.5063; 0.1337; 0.1891; 3.00; 1.00; 1.41; 0.00; 0.00; 0.00; 21.96; 0.30; 9.63; 21
221; 0.0020; 0.0014; 0.0000; 0.0000; 0.5063;      0;      0;      0; 50.50; 27.50; 38.89; 0.10; 0.08; 2.57; 0.5217; 0.1360; 0.1924; 0.4607; 0.1915; 0.2708; 3.00; 1.00; 1.41; 0.00; 0.00; 0.00; 21.96; 0.30; 9.63; 21
222; 0.0020; 0.0014; 0.0000; 0.0000; 0.5063; 0.1708; 0.2541; 0.3594; 50.50; 27.50; 38.89; 0.10; 0.08; 2.57; 0.5217; 0.1360; 0.1924; 0.4607; 0.1915; 0.2708; 3.00; 1.00; 1.41; 0.00; 0.00; 0.00; 21.96; 0.30; 9.63; 21
223; 0.0020; 0.0014; 0.0000; 0.0000; 0.5063;      0;      0;      0; 46.50; 25.50; 36.06; 0.09; 0.07; 2.37; 0.5230; 0.1364; 0.1928; 0.4722; 0.1944; 0.2750; 3.00; 1.00; 1.41; 0.00; 0.00; 0.00; 21.96; 0.30; 9.63; 21
224; 0.0020; 0.0014; 0.0000; 0.0000; 0.5063;      0;      0;      0; 43.50; 24.50; 34.65; 0.09; 0.07; 2.23; 0.5365; 0.1251; 0.1770; 0.4555; 0.1761; 0.2490; 3.00; 1.00; 1.41; 0.00; 0.00; 0.00; 21.96; 0.30; 9.63; 21
225; 0.0020; 0.0014; 0.0000; 0.0000; 0.5063;      0;      0;      0; 33.00; 19.00; 26.87; 0.07; 0.05; 1.70; 0.5696; 0.1104; 0.1561; 0.4011; 0.1703; 0.2409; 3.00; 1.00; 1.41; 0.00; 0.00; 0.00; 21.96; 0.30; 9.63; 21
226; 0.0020; 0.0014; 0.0000; 0.0000; 0.5063; -0.2868; 0.0186; 0.0262; 33.00; 19.00; 26.87; 0.07; 0.05; 1.70; 0.5696; 0.1104; 0.1561; 0.4011; 0.1703; 0.2409; 3.00; 1.00; 1.41; 0.00; 0.00; 0.00; 21.96; 0.30; 9.63; 21
227; 0.0020; 0.0014; 0.0000; 0.0000; 0.5063;      0;      0;      0; 31.00; 17.00; 24.04; 0.06; 0.05; 1.58; 0.5648; 0.1056; 0.1493; 0.4003; 0.1711; 0.2420; 3.00; 1.00; 1.41; 0.00; 0.00; 0.00; 21.96; 0.30; 9.63; 21
228; 0.0010; 0.0010; 0.0010; 0.0010; 0.5063;      0;      0;      0; 37.00; 0.00; 0.00; 0.05; 0.04; 1.22; 0.6863; 0.0000; 0.0000; 0.2432; 0.0000; 0.0000; 4.00; 0.00; 0.00; 0.00; 0.00; 0.00; 21.99; 0.31; 9.69; 21
229; 0.0010; 0.0010; 0.0000; 0.0000; 0.5063;      0;      0;      0; 31.00; 0.00; 0.00; 0.03; 0.03; 0.98; 0.7185; 0.0000; 0.0000; 0.1935; 0.0000; 0.0000; 4.00; 0.00; 0.00; 0.00; 0.00; 0.00; 21.99; 0.31; 9.69; 21
230; 0.0010; 0.0010; 0.0000; 0.0000; 0.5063; -0.1769; 0.0313; 0.0313; 31.00; 0.00; 0.00; 0.03; 0.03; 0.98; 0.7185; 0.0000; 0.0000; 0.1935; 0.0000; 0.0000; 4.00; 0.00; 0.00; 0.00; 0.00; 0.00; 21.99; 0.31; 9.69; 21
231; 0.0010; 0.0010; 0.0000; 0.0000; 0.5063;      0;      0;      0; 25.00; 0.00; 0.00; 0.03; 0.03; 0.79; 0.7144; 0.0000; 0.0000; 0.1600; 0.0000; 0.0000; 4.00; 0.00; 0.00; 0.00; 0.00; 0.00; 21.99; 0.31; 9.69; 21
232; 0.0010; 0.0010; 0.0000; 0.0000; 0.5063;      0;      0;      0; 21.00; 0.00; 0.00; 0.02; 0.02; 0.66; 0.6905; 0.0000; 0.0000; 0.1905; 0.0000; 0.0000; 4.00; 0.00; 0.00; 0.00; 0.00; 0.00; 21.99; 0.31; 9.69; 21
233; 0.0010; 0.0010; 0.0000; 0.0000; 0.5063;      0;      0;      0; 24.00; 0.00; 0.00; 0.02; 0.02; 0.76; 0.6892; 0.0000; 0.0000; 0.2083; 0.0000; 0.0000; 4.00; 0.00; 0.00; 0.00; 0.00; 0.00; 21.99; 0.31; 9.69; 21
234; 0.0010; 0.0010; 0.0000; 0.0000; 0.5063; 0.1335; 0.0178; 0.0178; 24.00; 0.00; 0.00; 0.02; 0.02; 0.76; 0.6892; 0.0000; 0.0000; 0.2083; 0.0000; 0.0000; 4.00; 0.00; 0.00; 0.00; 0.00; 0.00; 21.99; 0.31; 9.69; 21
235; 0.0010; 0.0010; 0.0000; 0.0000; 0.5063;      0;      0;      0; 20.00; 0.00; 0.00; 0.02; 0.02; 0.63; 0.6813; 0.0000; 0.0000; 0.2500; 0.0000; 0.0000; 4.00; 0.00; 0.00; 0.00; 0.00; 0.00; 21.99; 0.31; 9.69; 21
236; 0.0010; 0.0010; 0.0000; 0.0000; 0.5063;      0;      0;      0; 16.00; 0.00; 0.00; 0.02; 0.02; 0.51; 0.6680; 0.0000; 0.0000; 0.3125; 0.0000; 0.0000; 4.00; 0.00; 0.00; 0.00; 0.00; 0.00; 21.99; 0.31; 9.69; 21
237; 0.0010; 0.0010; 0.0000; 0.0000; 0.5063;      0;      0;      0; 3.00; 0.00; 0.00; 0.00; 0.00; 0.09; 0.6111; 0.0000; 0.0000; 0.3333; 0.0000; 0.0000; 3.00; 0.00; 0.00; 0.00; 0.00; 0.00; 21.99; 0.31; 9.69; 21
238; 0.0010; 0.0010; 0.0000; 0.0000; 0.5063; -1.6740; 2.8022; 2.8022; 3.00; 0.00; 0.00; 0.00; 0.00; 0.09; 0.6111; 0.0000; 0.0000; 0.3333; 0.0000; 0.0000; 3.00; 0.00; 0.00; 0.00; 0.00; 0.00; 21.99; 0.31; 9.69; 21
239; 0.0010; 0.0010; 0.0000; 0.0000; 0.5063;      0;      0;      0; 3.00; 0.00; 0.00; 0.00; 0.00; 0.09; 0.6111; 0.0000; 0.0000; 0.3333; 0.0000; 0.0000; 3.00; 0.00; 0.00; 0.00; 0.00; 0.00; 21.99; 0.31; 9.69; 21
240; 0.0010; 0.0010; 0.0000; 0.0000; 0.5063;      0;      0;      0; 2.00; 0.00; 0.00; 0.00; 0.00; 0.06; 0.6250; 0.0000; 0.0000; 0.0000; 0.0000; 0.0000; 3.00; 0.00; 0.00; 0.00; 0.00; 0.00; 21.99; 0.31; 9.69; 21
241; 0.0010; 0.0010; 0.0000; 0.0000; 0.5063;      0;      0;      0; 2.00; 0.00; 0.00; 0.00; 0.00; 0.06; 0.6250; 0.0000; 0.0000; 0.0000; 0.0000; 0.0000; 3.00; 0.00; 0.00; 0.00; 0.00; 0.00; 21.99; 0.31; 9.69; 21
242; 0.0010; 0.0010; 0.0000; 0.0000; 0.5063; 0.0000; 0.0000; 0.0000; 2.00; 0.00; 0.00; 0.00; 0.00; 0.06; 0.6250; 0.0000; 0.0000; 0.0000; 0.0000; 0.0000; 3.00; 0.00; 0.00; 0.00; 0.00; 0.00; 21.99; 0.31; 9.69; 21
243; 0.0010; 0.0010; 0.0000; 0.0000; 0.5063;      0;      0;      0; 2.00; 0.00; 0.00; 0.00; 0.00; 0.06; 0.6250; 0.0000; 0.0000; 0.0000; 0.0000; 0.0000; 3.00; 0.00; 0.00; 0.00; 0.00; 0.00; 21.99; 0.31; 9.69; 21
244; 0.0000; 0.0000; 0.0010; 0.0010; 0.5063;      0;      0;      0; 0.00; 0.00; 0.00; 0.00; 0.00; 0.03; 0.0000; 0.0000; 0.0000; 1.0000; 0.0000; 0.0000; 0.00; 0.00; 0.00; 0.00; 0.00; 0.00; 22.03; 0.31; 9.76; 21
245; 0.0000; 0.0000; 0.0000; 0.0000; 0.5063;      0;      0;      0; 0.00; 0.00; 0.00; 0.00; 0.00; 0.00; 0.0000; 0.0000; 0.0000; 1.0000; 0.0000; 0.0000; 0.00; 0.00; 0.00; 0.00; 0.00; 0.00; 22.03; 0.31; 9.76; 21
246; 0.0000; 0.0000; 0.0000; 0.0000; 0.5063;      0;      0;      0; 0.00; 0.00; 0.00; 0.00; 0.00; 0.00; 0.0000; 0.0000; 0.0000; 1.0000; 0.0000; 0.0000; 0.00; 0.00; 0.00; 0.00; 0.00; 0.00; 22.03; 0.31; 9.76; 21
247; 0.0000; 0.0000; 0.0000; 0.0000; 0.5063;      0;      0;      0; 0.00; 0.00; 0.00; 0.00; 0.00; 0.00; 0.0000; 0.0000; 0.0000; 1.0000; 0.0000; 0.0000; 0.00; 0.00; 0.00; 0.00; 0.00; 0.00; 22.03; 0.31; 9.76; 21
248; 0.0000; 0.0000; 0.0000; 0.0000; 0.5063;      0;      0;      0; 0.00; 0.00; 0.00; 0.00; 0.00; 0.00; 0.0000; 0.0000; 0.0000; 1.0000; 0.0000; 0.0000; 0.00; 0.00; 0.00; 0.00; 0.00; 0.00; 22.03; 0.31; 9.76; 21
249; 0.0000; 0.0000; 0.0000; 0.0000; 0.5063;      0;      0;      0; 0.00; 0.00; 0.00; 0.00; 0.00; 0.00; 0.0000; 0.0000; 0.0000; 1.0000; 0.0000; 0.0000; 0.00; 0.00; 0.00; 0.00; 0.00; 0.00; 22.03; 0.31; 9.76; 21
250; 0.0000; 0.0000; 0.0000; 0.0000; 0.5063;      0;      0;      0; 0.00; 0.00; 0.00; 0.00; 0.00; 0.00; 0.0000; 0.0000; 0.0000; 1.0000; 0.0000; 0.0000; 0.00; 0.00; 0.00; 0.00; 0.00; 0.00; 22.03; 0.31; 9.76; 21
251; 0.0000; 0.0000; 0.0000; 0.0000; 0.5063;      0;      0;      0; 0.00; 0.00; 0.00; 0.00; 0.00; 0.00; 0.0000; 0.0000; 0.0000; 1.0000; 0.0000; 0.0000; 0.00; 0.00; 0.00; 0.00; 0.00; 0.00; 22.03; 0.31; 9.76; 21
252; 0.0000; 0.0000; 0.0000; 0.0000; 0.5063;      0;      0;      0; 0.00; 0.00; 0.00; 0.00; 0.00; 0.00; 0.0000; 0.0000; 0.0000; 1.0000; 0.0000; 0.0000; 0.00; 0.00; 0.00; 0.00; 0.00; 0.00; 22.03; 0.31; 9.76; 21
253; 0.0000; 0.0000; 0.0000; 0.0000; 0.5063;      0;      0;      0; 0.00; 0.00; 0.00; 0.00; 0.00; 0.00; 0.0000; 0.0000; 0.0000; 1.0000; 0.0000; 0.0000; 0.00; 0.00; 0.00; 0.00; 0.00; 0.00; 22.03; 0.31; 9.76; 21
254; 0.0000; 0.0000; 0.0000; 0.0000; 0.5063;      0;      0;      0; 0.00; 0.00; 0.00; 0.00; 0.00; 0.00; 0.0000; 0.0000; 0.0000; 1.0000; 0.0000; 0.0000; 0.00; 0.00; 0.00; 0.00; 0.00; 0.00; 22.03; 0.31; 9.76; 21
255; 0.0000; 0.0000; 0.0000; 0.0000; 0.5063;      0;      0;      0; 0.00; 0.00; 0.00; 0.00; 0.00; 0.00; 0.0000; 0.0000; 0.0000; 1.0000; 0.0000; 0.0000; 0.00; 0.00; 0.00; 0.00; 0.00; 0.00; 22.03; 0.31; 9.76; 21
256; 0.0000; 0.0000; 0.0000; 0.0000; 0.5063;      0;      0;      0; 0.00; 0.00; 0.00; 0.00; 0.00; 0.00; 0.0000; 0.0000; 0.0000; 1.0000; 0.0000; 0.0000; 0.00; 0.00; 0.00; 0.00; 0.00; 0.00; 22.03; 0.31; 9.76; 21
257; 0.0000; 0.0000; 0.0000; 0.0000; 0.5063;      0;      0;      0; 0.00; 0.00; 0.00; 0.00; 0.00; 0.00; 0.0000; 0.0000; 0.0000; 1.0000; 0.0000; 0.0000; 0.00; 0.00; 0.00; 0.00; 0.00; 0.00; 22.03; 0.31; 9.76; 21
258; 0.0000; 0.0000; 0.0000; 0.0000; 0.5063;      0;      0;      0; 0.00; 0.00; 0.00; 0.00; 0.00; 0.00; 0.0000; 0.0000; 0.0000; 1.0000; 0.0000; 0.0000; 0.00; 0.00; 0.00; 0.00; 0.00; 0.00; 22.03; 0.31; 9.76; 21
259; 0.0000; 0.0000; 0.0000; 0.0000; 0.5063;      0;      0;      0; 0.00; 0.00; 0.00; 0.00; 0.00; 0.00; 0.0000; 0.0000; 0.0000; 1.0000; 0.0000; 0.0000; 0.00; 0.00; 0.00; 0.00; 0.00; 0.00; 22.03; 0.31; 9.76; 21
260; 0.0000; 0.0000; 0.0000; 0.0000; 0.5063;      0;      0;      0; 0.00; 0.00; 0.00; 0.00; 0.00; 0.00; 0.0000; 0.0000; 0.0000; 1.0000; 0.0000; 0.0000; 0.00; 0.00; 0.00; 0.00; 0.00; 0.00; 22.03; 0.31; 9.76; 21
261; 0.0000; 0.0000; 0.0000; 0.0000; 0.5063;      0;      0;      0; 0.00; 0.00; 0.00; 0.00; 0.00; 0.00; 0.0000; 0.0000; 0.0000; 1.0000; 0.0000; 0.0000; 0.00; 0.00; 0.00; 0.00; 0.00; 0.00; 22.03; 0.31; 9.76; 21
262; 0.0000; 0.0000; 0.0000; 0.0000; 0.5063;      0;      0;      0; 0.00; 0.00; 0.00; 0.00; 0.00; 0.00; 0.0000; 0.0000; 0.0000; 1.0000; 0.0000; 0.0000; 0.00; 0.00; 0.00; 0.00; 0.00; 0.00; 22.03; 0.31; 9.76; 21
263; 0.0000; 0.0000; 0.0000; 0.0000; 0.5063;      0;      0;      0; 0.00; 0.00; 0.00; 0.00; 0.00; 0.00; 0.0000; 0.0000; 0.0000; 1.0000; 0.0000; 0.0000; 0.00; 0.00; 0.00; 0.00; 0.00; 0.00; 22.03; 0.31; 9.76; 21
264; 0.0000; 0.0000; 0.0000; 0.0000; 0.5063;      0;      0;      0; 0.00; 0.00; 0.00; 0.00; 0.00; 0.00; 0.0000; 0.0000; 0.0000; 1.0000; 0.0000; 0.0000; 0.00; 0.00; 0.00; 0.00; 0.00; 0.00; 22.03; 0.31; 9.76; 21
265; 0.0000; 0.0000; 0.0000; 0.0000; 0.5063;      0;      0;      0; 0.00; 0.00; 0.00; 0.00; 0.00; 0.00; 0.0000; 0.0000; 0.0000; 1.0000; 0.0000; 0.0000; 0.00; 0.00; 0.00; 0.00; 0.00; 0.00; 22.03; 0.31; 9.76; 21
266; 0.0000; 0.0000; 0.0000; 0.0000; 0.5063;      0;      0;      0; 0.00; 0.00; 0.00; 0.00; 0.00; 0.00; 0.0000; 0.0000; 0.0000; 1.0000; 0.0000; 0.0000; 0.00; 0.00; 0.00; 0.00; 0.00; 0.00; 22.03; 0.31; 9.76; 21
267; 0.0000; 0.0000; 0.0000; 0.0000; 0.5063;      0;      0;      0; 0.00; 0.00; 0.00; 0.00; 0.00; 0.00; 0.0000; 0.0000; 0.0000; 1.0000; 0.0000; 0.0000; 0.00; 0.00; 0.00; 0.00; 0.00; 0.00; 22.03; 0.31; 9.76; 21
268; 0.0000; 0.0000; 0.0000; 0.0000; 0.5063;      0;      0;      0; 0.00; 0.00; 0.00; 0.00; 0.00; 0.00; 0.0000; 0.0000; 0.0000; 1.0000; 0.0000; 0.0000; 0.00; 0.00; 0.00; 0.00; 0.00; 0.00; 22.03; 0.31; 9.76; 21
269; 0.0000; 0.0000; 0.0000; 0.0000; 0.5063;      0;      0;      0; 0.00; 0.00; 0.00; 0.00; 0.00; 0.00; 0.0000; 0.0000; 0.0000; 1.0000; 0.0000; 0.0000; 0.00; 0.00; 0.00; 0.00; 0.00; 0.00; 22.03; 0.31; 9.76; 21
270; 0.0000; 0.0000; 0.0000; 0.0000; 0.5063;      0;      0;      0; 0.00; 0.00; 0.00; 0.00; 0.00; 0.00; 0.0000; 0.0000; 0.0000; 1.0000; 0.0000; 0.0000; 0.00; 0.00; 0.00; 0.00; 0.00; 0.00; 22.03; 0.31; 9.76; 21
271; 0.0000; 0.0000; 0.0000; 0.0000; 0.5063;      0;      0;      0; 0.00; 0.00; 0.00; 0.00; 0.00; 0.00; 0.0000; 0.0000; 0.0000; 1.0000; 0.0000; 0.0000; 0.00; 0.00; 0.00; 0.00; 0.00; 0.00; 22.03; 0.31; 9.76; 21
272; 0.0000; 0.0000; 0.0000; 0.0000; 0.5063;      0;      0;      0; 0.00; 0.00; 0.00; 0.00; 0.00; 0.00; 0.0000; 0.0000; 0.0000; 1.0000; 0.0000; 0.0000; 0.00; 0.00; 0.00; 0.00; 0.00; 0.00; 22.03; 0.31; 9.76; 21
273; 0.0000; 0.0000; 0.0000; 0.0000; 0.5063;      0;      0;      0; 0.00; 0.00; 0.00; 0.00; 0.00; 0.00; 0.0000; 0.0000; 0.0000; 1.0000; 0.0000; 0.0000; 0.00; 0.00; 0.00; 0.00; 0.00; 0.00; 22.03; 0.31; 9.76; 21
274; 0.0000; 0.0000; 0.0000; 0.0000; 0.5063;      0;      0;      0; 0.00; 0.00; 0.00; 0.00; 0.00; 0.00; 0.0000; 0.0000; 0.0000; 1.0000; 0.0000; 0.0000; 0.00; 0.00; 0.00; 0.00; 0.00; 0.00; 22.03; 0.31; 9.76; 21
275; 0.0000; 0.0000; 0.0000; 0.0000; 0.5063;      0;      0;      0; 0.00; 0.00; 0.00; 0.00; 0.00; 0.00; 0.0000; 0.0000; 0.0000; 1.0000; 0.0000; 0.0000; 0.00; 0.00; 0.00; 0.00; 0.00; 0.00; 22.03; 0.31; 9.76; 21
276; 0.0000; 0.0000; 0.0000; 0.0000; 0.5063;      0;      0;      0; 0.00; 0.00; 0.00; 0.00; 0.00; 0.00; 0.0000; 0.0000; 0.0000; 1.0000; 0.0000; 0.0000; 0.00; 0.00; 0.00; 0.00; 0.00; 0.00; 22.03; 0.31; 9.76; 21
277; 0.0000; 0.0000; 0.0000; 0.0000; 0.5063;      0;      0;      0; 0.00; 0.00; 0.00; 0.00; 0.00; 0.00; 0.0000; 0.0000; 0.0000; 1.0000; 0.0000; 0.0000; 0.00; 0.00; 0.00; 0.00; 0.00; 0.00; 22.03; 0.31; 9.76; 21
278; 0.0000; 0.0000; 0.0000; 0.0000; 0.5063;      0;      0;      0; 0.00; 0.00; 0.00; 0.00; 0.00; 0.00; 0.0000; 0.0000; 0.0000; 1.0000; 0.0000; 0.0000; 0.00; 0.00; 0.00; 0.00; 0.00; 0.00; 22.03; 0.31; 9.76; 21
279; 0.0000; 0.0000; 0.0000; 0.0000; 0.5063;      0;      0;      0; 0.00; 0.00; 0.00; 0.00; 0.00; 0.00; 0.0000; 0.0000; 0.0000; 1.0000; 0.0000; 0.0000; 0.00; 0.00; 0.00; 0.00; 0.00; 0.00; 22.03; 0.31; 9.76; 21
280; 0.0000; 0.0000; 0.0000; 0.0000; 0.5063;      0;      0;      0; 0.00; 0.00; 0.00; 0.00; 0.00; 0.00; 0.0000; 0.0000; 0.0000; 1.0000; 0.0000; 0.0000; 0.00; 0.00; 0.00; 0.00; 0.00; 0.00; 22.03; 0.31; 9.76; 21
281; 0.0000; 0.0000; 0.0000; 0.0000; 0.5063;      0;      0;      0; 0.00; 0.00; 0.00; 0.00; 0.00; 0.00; 0.0000; 0.0000; 0.0000; 1.0000; 0.0000; 0.0000; 0.00; 0.00; 0.00; 0.00; 0.00; 0.00; 22.03; 0.31; 9.76; 21
282; 0.0000; 0.0000; 0.0000; 0.0000; 0.5063;      0;      0;      0; 0.00; 0.00; 0.00; 0.00; 0.00; 0.00; 0.0000; 0.0000; 0.0000; 1.0000; 0.0000; 0.0000; 0.00; 0.00; 0.00; 0.00; 0.00; 0.00; 22.03; 0.31; 9.76; 21
283; 0.0000; 0.0000; 0.0000; 0.0000; 0.5063;      0;      0;      0; 0.00; 0.00; 0.00; 0.00; 0.00; 0.00; 0.0000; 0.0000; 0.0000; 1.0000; 0.0000; 0.0000; 0.00; 0.00; 0.00; 0.00; 0.00; 0.00; 22.03; 0.31; 9.76; 21
284; 0.0000; 0.0000; 0.0000; 0.0000; 0.5063;      0;      0;      0; 0.00; 0.00; 0.00; 0.00; 0.00; 0.00; 0.0000; 0.0000; 0.0000; 1.0000; 0.0000; 0.0000; 0.00; 0.00; 0.00; 0.00; 0.00; 0.00; 22.03; 0.31; 9.76; 21
285; 0.0000; 0.0000; 0.0000; 0.0000; 0.5063;      0;      0;      0; 0.00; 0.00; 0.00; 0.00; 0.00; 0.00; 0.0000; 0.0000; 0.0000; 1.0000; 0.0000; 0.0000; 0.00; 0.00; 0.00; 0.00; 0.00; 0.00; 22.03; 0.31; 9.76; 21
286; 0.0000; 0.0000; 0.0000; 0.0000; 0.5063;      0;      0;      0; 0.00; 0.00; 0.00; 0.00; 0.00; 0.00; 0.0000; 0.0000; 0.0000; 1.0000; 0.0000; 0.0000; 0.00; 0.00; 0.00; 0.00; 0.00; 0.00; 22.03; 0.31; 9.76; 21
287; 0.0000; 0.0000; 0.0000; 0.0000; 0.5063;      0;      0;      0; 0.00; 0.00; 0.00; 0.00; 0.00; 0.00; 0.0000; 0.0000; 0.0000; 1.0000; 0.0000; 0.0000; 0.00; 0.00; 0.00; 0.00; 0.00; 0.00; 22.03; 0.31; 9.76; 21
288; 0.0000; 0.0000; 0.0000; 0.0000; 0.5063;      0;      0;      0; 0.00; 0.00; 0.00; 0.00; 0.00; 0.00; 0.0000; 0.0000; 0.0000; 1.0000; 0.0000; 0.0000; 0.00; 0.00; 0.00; 0.00; 0.00; 0.00; 22.03; 0.31; 9.76; 21
289; 0.0000; 0.0000; 0.0000; 0.0000; 0.5063;      0;      0;      0; 0.00; 0.00; 0.00; 0.00; 0.00; 0.00; 0.0000; 0.0000; 0.0000; 1.0000; 0.0000; 0.0000; 0.00; 0.00; 0.00; 0.00; 0.00; 0.00; 22.03; 0.31; 9.76; 21
290; 0.0000; 0.0000; 0.0000; 0.0000; 0.5063;      0;      0;      0; 0.00; 0.00; 0.00; 0.00; 0.00; 0.00; 0.0000; 0.0000; 0.0000; 1.0000; 0.0000; 0.0000; 0.00; 0.00; 0.00; 0.00; 0.00; 0.00; 22.03; 0.31; 9.76; 21
291; 0.0000; 0.0000; 0.0000; 0.0000; 0.5063;      0;      0;      0; 0.00; 0.00; 0.00; 0.00; 0.00; 0.00; 0.0000; 0.0000; 0.0000; 1.0000; 0.0000; 0.0000; 0.00; 0.00; 0.00; 0.00; 0.00; 0.00; 22.03; 0.31; 9.76; 21
292; 0.0000; 0.0000; 0.0000; 0.0000; 0.5063;      0;      0;      0; 0.00; 0.00; 0.00; 0.00; 0.00; 0.00; 0.0000; 0.0000; 0.0000; 1.0000; 0.0000; 0.0000; 0.00; 0.00; 0.00; 0.00; 0.00; 0.00; 22.03; 0.31; 9.76; 21
293; 0.0000; 0.0000; 0.0000; 0.0000; 0.5063;      0;      0;      0; 0.00; 0.00; 0.00; 0.00; 0.00; 0.00; 0.0000; 0.0000; 0.0000; 1.0000; 0.0000; 0.0000; 0.00; 0.00; 0.00; 0.00; 0.00; 0.00; 22.03; 0.31; 9.76; 21
294; 0.0000; 0.0000; 0.0000; 0.0000; 0.5063;      0;      0;      0; 0.00; 0.00; 0.00; 0.00; 0.00; 0.00; 0.0000; 0.0000; 0.0000; 1.0000; 0.0000; 0.0000; 0.00; 0.00; 0.00; 0.00; 0.00; 0.00; 22.03; 0.31; 9.76; 21
295; 0.0000; 0.0000; 0.0000; 0.0000; 0.5063;      0;      0;      0; 0.00; 0.00; 0.00; 0.00; 0.00; 0.00; 0.0000; 0.0000; 0.0000; 1.0000; 0.0000; 0.0000; 0.00; 0.00; 0.00; 0.00; 0.00; 0.00; 22.03; 0.31; 9.76; 21
296; 0.0000; 0.0000; 0.0000; 0.0000; 0.5063;      0;      0;      0; 0.00; 0.00; 0.00; 0.00; 0.00; 0.00; 0.0000; 0.0000; 0.0000; 1.0000; 0.0000; 0.0000; 0.00; 0.00; 0.00; 0.00; 0.00; 0.00; 22.03; 0.31; 9.76; 21
297; 0.0000; 0.0000; 0.0000; 0.0000; 0.5063;      0;      0;      0; 0.00; 0.00; 0.00; 0.00; 0.00; 0.00; 0.0000; 0.0000; 0.0000; 1.0000; 0.0000; 0.0000; 0.00; 0.00; 0.00; 0.00; 0.00; 0.00; 22.03; 0.31; 9.76; 21
298; 0.0000; 0.0000; 0.0000; 0.0000; 0.5063;      0;      0;      0; 0.00; 0.00; 0.00; 0.00; 0.00; 0.00; 0.0000; 0.0000; 0.0000; 1.0000; 0.0000; 0.0000; 0.00; 0.00; 0.00; 0.00; 0.00; 0.00; 22.03; 0.31; 9.76; 21
299; 0.0000; 0.0000; 0.0000; 0.0000; 0.5063;      0;      0;      0; 0.00; 0.00; 0.00; 0.00; 0.00; 0.00; 0.0000; 0.0000; 0.0000; 1.0000; 0.0000; 0.0000; 0.00; 0.00; 0.00; 0.00; 0.00; 0.00; 22.03; 0.31; 9.76; 21
300; 0.0000; 0.0000; 0.0000; 0.0000; 0.5063;      0;      0;      0; 0.00; 0.00; 0.00; 0.00; 0.00; 0.00; 0.0000; 0.0000; 0.0000; 1.0000; 0.0000; 0.0000; 0.00; 0.00; 0.00; 0.00; 0.00; 0.00; 22.03; 0.31; 9.76; 21
301; 0.0000; 0.0000; 0.0000; 0.0000; 0.5063;      0;      0;      0; 0.00; 0.00; 0.00; 0.00; 0.00; 0.00; 0.0000; 0.0000; 0.0000; 1.0000; 0.0000; 0.0000; 0.00; 0.00; 0.00; 0.00; 0.00; 0.00; 22.03; 0.31; 9.76; 21
302; 0.0000; 0.0000; 0.0000; 0.0000; 0.5063;      0;      0;      0; 0.00; 0.00; 0.00; 0.00; 0.00; 0.00; 0.0000; 0.0000; 0.0000; 1.0000; 0.0000; 0.0000; 0.00; 0.00; 0.00; 0.00; 0.00; 0.00; 22.03; 0.31; 9.76; 21
303; 0.0000; 0.0000; 0.0000; 0.0000; 0.5063;      0;      0;      0; 0.00; 0.00; 0.00; 0.00; 0.00; 0.00; 0.0000; 0.0000; 0.0000; 1.0000; 0.0000; 0.0000; 0.00; 0.00; 0.00; 0.00; 0.00; 0.00; 22.03; 0.31; 9.76; 21
304; 0.0000; 0.0000; 0.0000; 0.0000; 0.5063;      0;      0;      0; 0.00; 0.00; 0.00; 0.00; 0.00; 0.00; 0.0000; 0.0000; 0.0000; 1.0000; 0.0000; 0.0000; 0.00; 0.00; 0.00; 0.00; 0.00; 0.00; 22.03; 0.31; 9.76; 21
305; 0.0000; 0.0000; 0.0000; 0.0000; 0.5063;      0;      0;      0; 0.00; 0.00; 0.00; 0.00; 0.00; 0.00; 0.0000; 0.0000; 0.0000; 1.0000; 0.0000; 0.0000; 0.00; 0.00; 0.00; 0.00; 0.00; 0.00; 22.03; 0.31; 9.76; 21
306; 0.0000; 0.0000; 0.0000; 0.0000; 0.5063;      0;      0;      0; 0.00; 0.00; 0.00; 0.00; 0.00; 0.00; 0.0000; 0.0000; 0.0000; 1.0000; 0.0000; 0.0000; 0.00; 0.00; 0.00; 0.00; 0.00; 0.00; 22.03; 0.31; 9.76; 21
307; 0.0000; 0.0000; 0.0000; 0.0000; 0.5063;      0;      0;      0; 0.00; 0.00; 0.00; 0.00; 0.00; 0.00; 0.0000; 0.0000; 0.0000; 1.0000; 0.0000; 0.0000; 0.00; 0.00; 0.00; 0.00; 0.00; 0.00; 22.03; 0.31; 9.76; 21
308; 0.0000; 0.0000; 0.0000; 0.0000; 0.5063;      0;      0;      0; 0.00; 0.00; 0.00; 0.00; 0.00; 0.00; 0.0000; 0.0000; 0.0000; 1.0000; 0.0000; 0.0000; 0.00; 0.00; 0.00; 0.00; 0.00; 0.00; 22.03; 0.31; 9.76; 21
309; 0.0000; 0.0000; 0.0000; 0.0000; 0.5063;      0;      0;      0; 0.00; 0.00; 0.00; 0.00; 0.00; 0.00; 0.0000; 0.0000; 0.0000; 1.0000; 0.0000; 0.0000; 0.00; 0.00; 0.00; 0.00; 0.00; 0.00; 22.03; 0.31; 9.76; 21
310; 0.0000; 0.0000; 0.0000; 0.0000; 0.5063;      0;      0;      0; 0.00; 0.00; 0.00; 0.00; 0.00; 0.00; 0.0000; 0.0000; 0.0000; 1.0000; 0.0000; 0.0000; 0.00; 0.00; 0.00; 0.00; 0.00; 0.00; 22.03; 0.31; 9.76; 21
311; 0.0000; 0.0000; 0.0000; 0.0000; 0.5063;      0;      0;      0; 0.00; 0.00; 0.00; 0.00; 0.00; 0.00; 0.0000; 0.0000; 0.0000; 1.0000; 0.0000; 0.0000; 0.00; 0.00; 0.00; 0.00; 0.00; 0.00; 22.03; 0.31; 9.76; 21
312; 0.0000; 0.0000; 0.0000; 0.0000; 0.5063;      0;      0;      0; 0.00; 0.00; 0.00; 0.00; 0.00; 0.00; 0.0000; 0.0000; 0.0000; 1.0000; 0.0000; 0.0000; 0.00; 0.00; 0.00; 0.00; 0.00; 0.00; 22.03; 0.31; 9.76; 21
313; 0.0000; 0.0000; 0.0000; 0.0000; 0.5063;      0;      0;      0; 0.00; 0.00; 0.00; 0.00; 0.00; 0.00; 0.0000; 0.0000; 0.0000; 1.0000; 0.0000; 0.0000; 0.00; 0.00; 0.00; 0.00; 0.00; 0.00; 22.03; 0.31; 9.76; 21
314; 0.0000; 0.0000; 0.0000; 0.0000; 0.5063;      0;      0;      0; 0.00; 0.00; 0.00; 0.00; 0.00; 0.00; 0.0000; 0.0000; 0.0000; 1.0000; 0.0000; 0.0000; 0.00; 0.00; 0.00; 0.00; 0.00; 0.00; 22.03; 0.31; 9.76; 21
315; 0.0000; 0.0000; 0.0000; 0.0000; 0.5063;      0;      0;      0; 0.00; 0.00; 0.00; 0.00; 0.00; 0.00; 0.0000; 0.0000; 0.0000; 1.0000; 0.0000; 0.0000; 0.00; 0.00; 0.00; 0.00; 0.00; 0.00; 22.03; 0.31; 9.76; 21
316; 0.0000; 0.0000; 0.0000; 0.0000; 0.5063;      0;      0;      0; 0.00; 0.00; 0.00; 0.00; 0.00; 0.00; 0.0000; 0.0000; 0.0000; 1.0000; 0.0000; 0.0000; 0.00; 0.00; 0.00; 0.00; 0.00; 0.00; 22.03; 0.31; 9.76; 21
317; 0.0000; 0.0000; 0.0000; 0.0000; 0.5063;      0;      0;      0; 0.00; 0.00; 0.00; 0.00; 0.00; 0.00; 0.0000; 0.0000; 0.0000; 1.0000; 0.0000; 0.0000; 0.00; 0.00; 0.00; 0.00; 0.00; 0.00; 22.03; 0.31; 9.76; 21
318; 0.0000; 0.0000; 0.0000; 0.0000; 0.5063;      0;      0;      0; 0.00; 0.00; 0.00; 0.00; 0.00; 0.00; 0.0000; 0.0000; 0.0000; 1.0000; 0.0000; 0.0000; 0.00; 0.00; 0.00; 0.00; 0.00; 0.00; 22.03; 0.31; 9.76; 21
319; 0.0000; 0.0000; 0.0000; 0.0000; 0.5063;      0;      0;      0; 0.00; 0.00; 0.00; 0.00; 0.00; 0.00; 0.0000; 0.0000; 0.0000; 1.0000; 0.0000; 0.0000; 0.00; 0.00; 0.00; 0.00; 0.00; 0.00; 22.03; 0.31; 9.76; 21
320; 0.0000; 0.0000; 0.0000; 0.0000; 0.5063;      0;      0;      0; 0.00; 0.00; 0.00; 0.00; 0.00; 0.00; 0.0000; 0.0000; 0.0000; 1.0000; 0.0000; 0.0000; 0.00; 0.00; 0.00; 0.00; 0.00; 0.00; 22.03; 0.31; 9.76; 21
321; 0.0000; 0.0000; 0.0000; 0.0000; 0.5063;      0;      0;      0; 0.00; 0.00; 0.00; 0.00; 0.00; 0.00; 0.0000; 0.0000; 0.0000; 1.0000; 0.0000; 0.0000; 0.00; 0.00; 0.00; 0.00; 0.00; 0.00; 22.03; 0.31; 9.76; 21
322; 0.0000; 0.0000; 0.0000; 0.0000; 0.5063;      0;      0;      0; 0.00; 0.00; 0.00; 0.00; 0.00; 0.00; 0.0000; 0.0000; 0.0000; 1.0000; 0.0000; 0.0000; 0.00; 0.00; 0.00; 0.00; 0.00; 0.00; 22.03; 0.31; 9.76; 21
323; 0.0000; 0.0000; 0.0000; 0.0000; 0.5063;      0;      0;      0; 0.00; 0.00; 0.00; 0.00; 0.00; 0.00; 0.0000; 0.0000; 0.0000; 1.0000; 0.0000; 0.0000; 0.00; 0.00; 0.00; 0.00; 0.00; 0.00; 22.03; 0.31; 9.76; 21
324; 0.0000; 0.0000; 0.0000; 0.0000; 0.5063;      0;      0;      0; 0.00; 0.00; 0.00; 0.00; 0.00; 0.00; 0.0000; 0.0000; 0.0000; 1.0000; 0.0000; 0.0000; 0.00; 0.00; 0.00; 0.00; 0.00; 0.00; 22.03; 0.31; 9.76; 21
325; 0.0000; 0.0000; 0.0000; 0.0000; 0.5063;      0;      0;      0; 0.00; 0.00; 0.00; 0.00; 0.00; 0.00; 0.0000; 0.0000; 0.0000; 1.0000; 0.0000; 0.0000; 0.00; 0.00; 0.00; 0.00; 0.00; 0.00; 22.03; 0.31; 9.76; 21
326; 0.0000; 0.0000; 0.0000; 0.0000; 0.5063;      0;      0;      0; 0.00; 0.00; 0.00; 0.00; 0.00; 0.00; 0.0000; 0.0000; 0.0000; 1.0000; 0.0000; 0.0000; 0.00; 0.00; 0.00; 0.00; 0.00; 0.00; 22.03; 0.31; 9.76; 21
327; 0.0000; 0.0000; 0.0000; 0.0000; 0.5063;      0;      0;      0; 0.00; 0.00; 0.00; 0.00; 0.00; 0.00; 0.0000; 0.0000; 0.0000; 1.0000; 0.0000; 0.0000; 0.00; 0.00; 0.00; 0.00; 0.00; 0.00; 22.03; 0.31; 9.76; 21
328; 0.0000; 0.0000; 0.0000; 0.0000; 0.5063;      0;      0;      0; 0.00; 0.00; 0.00; 0.00; 0.00; 0.00; 0.0000; 0.0000; 0.0000; 1.0000; 0.0000; 0.0000; 0.00; 0.00; 0.00; 0.00; 0.00; 0.00; 22.03; 0.31; 9.76; 21
329; 0.0000; 0.0000; 0.0000; 0.0000; 0.5063;      0;      0;      0; 0.00; 0.00; 0.00; 0.00; 0.00; 0.00; 0.0000; 0.0000; 0.0000; 1.0000; 0.0000; 0.0000; 0.00; 0.00; 0.00; 0.00; 0.00; 0.00; 22.03; 0.31; 9.76; 21
330; 0.0000; 0.0000; 0.0000; 0.0000; 0.5063;      0;      0;      0; 0.00; 0.00; 0.00; 0.00; 0.00; 0.00; 0.0000; 0.0000; 0.0000; 1.0000; 0.0000; 0.0000; 0.00; 0.00; 0.00; 0.00; 0.00; 0.00; 22.03; 0.31; 9.76; 21
331; 0.0000; 0.0000; 0.0000; 0.0000; 0.5063;      0;      0;      0; 0.00; 0.00; 0.00; 0.00; 0.00; 0.00; 0.0000; 0.0000; 0.0000; 1.0000; 0.0000; 0.0000; 0.00; 0.00; 0.00; 0.00; 0.00; 0.00; 22.03; 0.31; 9.76; 21
332; 0.0000; 0.0000; 0.0000; 0.0000; 0.5063;      0;      0;      0; 0.00; 0.00; 0.00; 0.00; 0.00; 0.00; 0.0000; 0.0000; 0.0000; 1.0000; 0.0000; 0.0000; 0.00; 0.00; 0.00; 0.00; 0.00; 0.00; 22.03; 0.31; 9.76; 21
333; 0.0000; 0.0000; 0.0000; 0.0000; 0.5063;      0;      0;      0; 0.00; 0.00; 0.00; 0.00; 0.00; 0.00; 0.0000; 0.0000; 0.0000; 1.0000; 0.0000; 0.0000; 0.00; 0.00; 0.00; 0.00; 0.00; 0.00; 22.03; 0.31; 9.76; 21
334; 0.0000; 0.0000; 0.0000; 0.0000; 0.5063;      0;      0;      0; 0.00; 0.00; 0.00; 0.00; 0.00; 0.00; 0.0000; 0.0000; 0.0000; 1.0000; 0.0000; 0.0000; 0.00; 0.00; 0.00; 0.00; 0.00; 0.00; 22.03; 0.31; 9.76; 21
335; 0.0000; 0.0000; 0.0000; 0.0000; 0.5063;      0;      0;      0; 0.00; 0.00; 0.00; 0.00; 0.00; 0.00; 0.0000; 0.0000; 0.0000; 1.0000; 0.0000; 0.0000; 0.00; 0.00; 0.00; 0.00; 0.00; 0.00; 22.03; 0.31; 9.76; 21
336; 0.0000; 0.0000; 0.0000; 0.0000; 0.5063;      0;      0;      0; 0.00; 0.00; 0.00; 0.00; 0.00; 0.00; 0.0000; 0.0000; 0.0000; 1.0000; 0.0000; 0.0000; 0.00; 0.00; 0.00; 0.00; 0.00; 0.00; 22.03; 0.31; 9.76; 21
337; 0.0000; 0.0000; 0.0000; 0.0000; 0.5063;      0;      0;      0; 0.00; 0.00; 0.00; 0.00; 0.00; 0.00; 0.0000; 0.0000; 0.0000; 1.0000; 0.0000; 0.0000; 0.00; 0.00; 0.00; 0.00; 0.00; 0.00; 22.03; 0.31; 9.76; 21
338; 0.0000; 0.0000; 0.0000; 0.0000; 0.5063;      0;      0;      0; 0.00; 0.00; 0.00; 0.00; 0.00; 0.00; 0.0000; 0.0000; 0.0000; 1.0000; 0.0000; 0.0000; 0.00; 0.00; 0.00; 0.00; 0.00; 0.00; 22.03; 0.31; 9.76; 21
339; 0.0000; 0.0000; 0.0000; 0.0000; 0.5063;      0;      0;      0; 0.00; 0.00; 0.00; 0.00; 0.00; 0.00; 0.0000; 0.0000; 0.0000; 1.0000; 0.0000; 0.0000; 0.00; 0.00; 0.00; 0.00; 0.00; 0.00; 22.03; 0.31; 9.76; 21
340; 0.0000; 0.0000; 0.0000; 0.0000; 0.5063;      0;      0;      0; 0.00; 0.00; 0.00; 0.00; 0.00; 0.00; 0.0000; 0.0000; 0.0000; 1.0000; 0.0000; 0.0000; 0.00; 0.00; 0.00; 0.00; 0.00; 0.00; 22.03; 0.31; 9.76; 21
341; 0.0000; 0.0000; 0.0000; 0.0000; 0.5063;      0;      0;      0; 0.00; 0.00; 0.00; 0.00; 0.00; 0.00; 0.0000; 0.0000; 0.0000; 1.0000; 0.0000; 0.0000; 0.00; 0.00; 0.00; 0.00; 0.00; 0.00; 22.03; 0.31; 9.76; 21
342; 0.0000; 0.0000; 0.0000; 0.0000; 0.5063;      0;      0;      0; 0.00; 0.00; 0.00; 0.00; 0.00; 0.00; 0.0000; 0.0000; 0.0000; 1.0000; 0.0000; 0.0000; 0.00; 0.00; 0.00; 0.00; 0.00; 0.00; 22.03; 0.31; 9.76; 21
343; 0.0000; 0.0000; 0.0000; 0.0000; 0.5063;      0;      0;      0; 0.00; 0.00; 0.00; 0.00; 0.00; 0.00; 0.0000; 0.0000; 0.0000; 1.0000; 0.0000; 0.0000; 0.00; 0.00; 0.00; 0.00; 0.00; 0.00; 22.03; 0.31; 9.76; 21
344; 0.0000; 0.0000; 0.0000; 0.0000; 0.5063;      0;      0;      0; 0.00; 0.00; 0.00; 0.00; 0.00; 0.00; 0.0000; 0.0000; 0.0000; 1.0000; 0.0000; 0.0000; 0.00; 0.00; 0.00; 0.00; 0.00; 0.00; 22.03; 0.31; 9.76; 21
345; 0.0000; 0.0000; 0.0000; 0.0000; 0.5063;      0;      0;      0; 0.00; 0.00; 0.00; 0.00; 0.00; 0.00; 0.0000; 0.0000; 0.0000; 1.0000; 0.0000; 0.0000; 0.00; 0.00; 0.00; 0.00; 0.00; 0.00; 22.03; 0.31; 9.76; 21
346; 0.0000; 0.0000; 0.0000; 0.0000; 0.5063;      0;      0;      0; 0.00; 0.00; 0.00; 0.00; 0.00; 0.00; 0.0000; 0.0000; 0.0000; 1.0000; 0.0000; 0.0000; 0.00; 0.00; 0.00; 0.00; 0.00; 0.00; 22.03; 0.31; 9.76; 21
347; 0.0000; 0.0000; 0.0000; 0.0000; 0.5063;      0;      0;      0; 0.00; 0.00; 0.00; 0.00; 0.00; 0.00; 0.0000; 0.0000; 0.0000; 1.0000; 0.0000; 0.0000; 0.00; 0.00; 0.00; 0.00; 0.00; 0.00; 22.03; 0.31; 9.76; 21
348; 0.0000; 0.0000; 0.0000; 0.0000; 0.5063;      0;      0;      0; 0.00; 0.00; 0.00; 0.00; 0.00; 0.00; 0.0000; 0.0000; 0.0000; 1.0000; 0.0000; 0.0000; 0.00; 0.00; 0.00; 0.00; 0.00; 0.00; 22.03; 0.31; 9.76; 21
349; 0.0000; 0.0000; 0.0000; 0.0000; 0.5063;      0;      0;      0; 0.00; 0.00; 0.00; 0.00; 0.00; 0.00; 0.0000; 0.0000; 0.0000; 1.0000; 0.0000; 0.0000; 0.00; 0.00; 0.00; 0.00; 0.00; 0.00; 22.03; 0.31; 9.76; 21
350; 0.0000; 0.0000; 0.0000; 0.0000; 0.5063;      0;      0;      0; 0.00; 0.00; 0.00; 0.00; 0.00; 0.00; 0.0000; 0.0000; 0.0000; 1.0000; 0.0000; 0.0000; 0.00; 0.00; 0.00; 0.00; 0.00; 0.00; 22.03; 0.31; 9.76; 21
351; 0.0000; 0.0000; 0.0000; 0.0000; 0.5063;      0;      0;      0; 0.00; 0.00; 0.00; 0.00; 0.00; 0.00; 0.0000; 0.0000; 0.0000; 1.0000; 0.0000; 0.0000; 0.00; 0.00; 0.00; 0.00; 0.00; 0.00; 22.03; 0.31; 9.76; 21
352; 0.0000; 0.0000; 0.0000; 0.0000; 0.5063;      0;      0;      0; 0.00; 0.00; 0.00; 0.00; 0.00; 0.00; 0.0000; 0.0000; 0.0000; 1.0000; 0.0000; 0.0000; 0.00; 0.00; 0.00; 0.00; 0.00; 0.00; 22.03; 0.31; 9.76; 21
353; 0.0000; 0.0000; 0.0000; 0.0000; 0.5063;      0;      0;      0; 0.00; 0.00; 0.00; 0.00; 0.00; 0.00; 0.0000; 0.0000; 0.0000; 1.0000; 0.0000; 0.0000; 0.00; 0.00; 0.00; 0.00; 0.00; 0.00; 22.03; 0.31; 9.76; 21
354; 0.0000; 0.0000; 0.0000; 0.0000; 0.5063;      0;      0;      0; 0.00; 0.00; 0.00; 0.00; 0.00; 0.00; 0.0000; 0.0000; 0.0000; 1.0000; 0.0000; 0.0000; 0.00; 0.00; 0.00; 0.00; 0.00; 0.00; 22.03; 0.31; 9.76; 21
355; 0.0000; 0.0000; 0.0000; 0.0000; 0.5063;      0;      0;      0; 0.00; 0.00; 0.00; 0.00; 0.00; 0.00; 0.0000; 0.0000; 0.0000; 1.0000; 0.0000; 0.0000; 0.00; 0.00; 0.00; 0.00; 0.00; 0.00; 22.03; 0.31; 9.76; 21
356; 0.0000; 0.0000; 0.0000; 0.0000; 0.5063;      0;      0;      0; 0.00; 0.00; 0.00; 0.00; 0.00; 0.00; 0.0000; 0.0000; 0.0000; 1.0000; 0.0000; 0.0000; 0.00; 0.00; 0.00; 0.00; 0.00; 0.00; 22.03; 0.31; 9.76; 21
357; 0.0000; 0.0000; 0.0000; 0.0000; 0.5063;      0;      0;      0; 0.00; 0.00; 0.00; 0.00; 0.00; 0.00; 0.0000; 0.0000; 0.0000; 1.0000; 0.0000; 0.0000; 0.00; 0.00; 0.00; 0.00; 0.00; 0.00; 22.03; 0.31; 9.76; 21
358; 0.0000; 0.0000; 0.0000; 0.0000; 0.5063;      0;      0;      0; 0.00; 0.00; 0.00; 0.00; 0.00; 0.00; 0.0000; 0.0000; 0.0000; 1.0000; 0.0000; 0.0000; 0.00; 0.00; 0.00; 0.00; 0.00; 0.00; 22.03; 0.31; 9.76; 21
359; 0.0000; 0.0000; 0.0000; 0.0000; 0.5063;      0;      0;      0; 0.00; 0.00; 0.00; 0.00; 0.00; 0.00; 0.0000; 0.0000; 0.0000; 1.0000; 0.0000; 0.0000; 0.00; 0.00; 0.00; 0.00; 0.00; 0.00; 22.03; 0.31; 9.76; 21
360; 0.0000; 0.0000; 0.0000; 0.0000; 0.5063;      0;      0;      0; 0.00; 0.00; 0.00; 0.00; 0.00; 0.00; 0.0000; 0.0000; 0.0000; 1.0000; 0.0000; 0.0000; 0.00; 0.00; 0.00; 0.00; 0.00; 0.00; 22.03; 0.31; 9.76; 21
361; 0.0000; 0.0000; 0.0000; 0.0000; 0.5063;      0;      0;      0; 0.00; 0.00; 0.00; 0.00; 0.00; 0.00; 0.0000; 0.0000; 0.0000; 1.0000; 0.0000; 0.0000; 0.00; 0.00; 0.00; 0.00; 0.00; 0.00; 22.03; 0.31; 9.76; 21
362; 0.0000; 0.0000; 0.0000; 0.0000; 0.5063;      0;      0;      0; 0.00; 0.00; 0.00; 0.00; 0.00; 0.00; 0.0000; 0.0000; 0.0000; 1.0000; 0.0000; 0.0000; 0.00; 0.00; 0.00; 0.00; 0.00; 0.00; 22.03; 0.31; 9.76; 21
363; 0.0000; 0.0000; 0.0000; 0.0000; 0.5063;      0;      0;      0; 0.00; 0.00; 0.00; 0.00; 0.00; 0.00; 0.0000; 0.0000; 0.0000; 1.0000; 0.0000; 0.0000; 0.00; 0.00; 0.00; 0.00; 0.00; 0.00; 22.03; 0.31; 9.76; 21
364; 0.0000; 0.0000; 0.0000; 0.0000; 0.5063;      0;      0;      0; 0.00; 0.00; 0.00; 0.00; 0.00; 0.00; 0.0000; 0.0000; 0.0000; 1.0000; 0.0000; 0.0000; 0.00; 0.00; 0.00; 0.00; 0.00; 0.00; 22.03; 0.31; 9.76; 21
365; 0.0000; 0.0000; 0.0000; 0.0000; 0.5063;      0;      0;      0; 0.00; 0.00; 0.00; 0.00; 0.00; 0.00; 0.0000; 0.0000; 0.0000; 1.0000; 0.0000; 0.0000; 0.00; 0.00; 0.00; 0.00; 0.00; 0.00; 22.03; 0.31; 9.76; 21
366; 0.0000; 0.0000; 0.0000; 0.0000; 0.5063;      0;      0;      0; 0.00; 0.00; 0.00; 0.00; 0.00; 0.00; 0.0000; 0.0000; 0.0000; 1.0000; 0.0000; 0.0000; 0.00; 0.00; 0.00; 0.00; 0.00; 0.00; 22.03; 0.31; 9.76; 21
367; 0.0000; 0.0000; 0.0000; 0.0000; 0.5063;      0;      0;      0; 0.00; 0.00; 0.00; 0.00; 0.00; 0.00; 0.0000; 0.0000; 0.0000; 1.0000; 0.0000; 0.0000; 0.00; 0.00; 0.00; 0.00; 0.00; 0.00; 22.03; 0.31; 9.76; 21
368; 0.0000; 0.0000; 0.0000; 0.0000; 0.5063;      0;      0;      0; 0.00; 0.00; 0.00; 0.00; 0.00; 0.00; 0.0000; 0.0000; 0.0000; 1.0000; 0.0000; 0.0000; 0.00; 0.00; 0.00; 0.00; 0.00; 0.00; 22.03; 0.31; 9.76; 21
369; 0.0000; 0.0000; 0.0000; 0.0000; 0.5063;      0;      0;      0; 0.00; 0.00; 0.00; 0.00; 0.00; 0.00; 0.0000; 0.0000; 0.0000; 1.0000; 0.0000; 0.0000; 0.00; 0.00; 0.00; 0.00; 0.00; 0.00; 22.03; 0.31; 9.76; 21
370; 0.0000; 0.0000; 0.0000; 0.0000; 0.5063;      0;      0;      0; 0.00; 0.00; 0.00; 0.00; 0.00; 0.00; 0.0000; 0.0000; 0.0000; 1.0000; 0.0000; 0.0000; 0.00; 0.00; 0.00; 0.00; 0.00; 0.00; 22.03; 0.31; 9.76; 21
371; 0.0000; 0.0000; 0.0000; 0.0000; 0.5063;      0;      0;      0; 0.00; 0.00; 0.00; 0.00; 0.00; 0.00; 0.0000; 0.0000; 0.0000; 1.0000; 0.0000; 0.0000; 0.00; 0.00; 0.00; 0.00; 0.00; 0.00; 22.03; 0.31; 9.76; 21
372; 0.0000; 0.0000; 0.0000; 0.0000; 0.5063;      0;      0;      0; 0.00; 0.00; 0.00; 0.00; 0.00; 0.00; 0.0000; 0.0000; 0.0000; 1.0000; 0.0000; 0.0000; 0.00; 0.00; 0.00; 0.00; 0.00; 0.00; 22.03; 0.31; 9.76; 21
373; 0.0000; 0.0000; 0.0000; 0.0000; 0.5063;      0;      0;      0; 0.00; 0.00; 0.00; 0.00; 0.00; 0.00; 0.0000; 0.0000; 0.0000; 1.0000; 0.0000; 0.0000; 0.00; 0.00; 0.00; 0.00; 0.00; 0.00; 22.03; 0.31; 9.76; 21
374; 0.0000; 0.0000; 0.0000; 0.0000; 0.5063;      0;      0;      0; 0.00; 0.00; 0.00; 0.00; 0.00; 0.00; 0.0000; 0.0000; 0.0000; 1.0000; 0.0000; 0.0000; 0.00; 0.00; 0.00; 0.00; 0.00; 0.00; 22.03; 0.31; 9.76; 21
375; 0.0000; 0.0000; 0.0000; 0.0000; 0.5063;      0;      0;      0; 0.00; 0.00; 0.00; 0.00; 0.00; 0.00; 0.0000; 0.0000; 0.0000; 1.0000; 0.0000; 0.0000; 0.00; 0.00; 0.00; 0.00; 0.00; 0.00; 22.03; 0.31; 9.76; 21
376; 0.0000; 0.0000; 0.0000; 0.0000; 0.5063;      0;      0;      0; 0.00; 0.00; 0.00; 0.00; 0.00; 0.00; 0.0000; 0.0000; 0.0000; 1.0000; 0.0000; 0.0000; 0.00; 0.00; 0.00; 0.00; 0.00; 0.00; 22.03; 0.31; 9.76; 21
377; 0.0000; 0.0000; 0.0000; 0.0000; 0.5063;      0;      0;      0; 0.00; 0.00; 0.00; 0.00; 0.00; 0.00; 0.0000; 0.0000; 0.0000; 1.0000; 0.0000; 0.0000; 0.00; 0.00; 0.00; 0.00; 0.00; 0.00; 22.03; 0.31; 9.76; 21
378; 0.0000; 0.0000; 0.0000; 0.0000; 0.5063;      0;      0;      0; 0.00; 0.00; 0.00; 0.00; 0.00; 0.00; 0.0000; 0.0000; 0.0000; 1.0000; 0.0000; 0.0000; 0.00; 0.00; 0.00; 0.00; 0.00; 0.00; 22.03; 0.31; 9.76; 21
379; 0.0000; 0.0000; 0.0000; 0.0000; 0.5063;      0;      0;      0; 0.00; 0.00; 0.00; 0.00; 0.00; 0.00; 0.0000; 0.0000; 0.0000; 1.0000; 0.0000; 0.0000; 0.00; 0.00; 0.00; 0.00; 0.00; 0.00; 22.03; 0.31; 9.76; 21
380; 0.0000; 0.0000; 0.0000; 0.0000; 0.5063;      0;      0;      0; 0.00; 0.00; 0.00; 0.00; 0.00; 0.00; 0.0000; 0.0000; 0.0000; 1.0000; 0.0000; 0.0000; 0.00; 0.00; 0.00; 0.00; 0.00; 0.00; 22.03; 0.31; 9.76; 21
381; 0.0000; 0.0000; 0.0000; 0.0000; 0.5063;      0;      0;      0; 0.00; 0.00; 0.00; 0.00; 0.00; 0.00; 0.0000; 0.0000; 0.0000; 1.0000; 0.0000; 0.0000; 0.00; 0.00; 0.00; 0.00; 0.00; 0.00; 22.03; 0.31; 9.76; 21
382; 0.0000; 0.0000; 0.0000; 0.0000; 0.5063;      0;      0;      0; 0.00; 0.00; 0.00; 0.00; 0.00; 0.00; 0.0000; 0.0000; 0.0000; 1.0000; 0.0000; 0.0000; 0.00; 0.00; 0.00; 0.00; 0.00; 0.00; 22.03; 0.31; 9.76; 21
383; 0.0000; 0.0000; 0.0000; 0.0000; 0.5063;      0;      0;      0; 0.00; 0.00; 0.00; 0.00; 0.00; 0.00; 0.0000; 0.0000; 0.0000; 1.0000; 0.0000; 0.0000; 0.00; 0.00; 0.00; 0.00; 0.00; 0.00; 22.03; 0.31; 9.76; 21
384; 0.0000; 0.0000; 0.0000; 0.0000; 0.5063;      0;      0;      0; 0.00; 0.00; 0.00; 0.00; 0.00; 0.00; 0.0000; 0.0000; 0.0000; 1.0000; 0.0000; 0.0000; 0.00; 0.00; 0.00; 0.00; 0.00; 0.00; 22.03; 0.31; 9.76; 21
385; 0.0000; 0.0000; 0.0000; 0.0000; 0.5063;      0;      0;      0; 0.00; 0.00; 0.00; 0.00; 0.00; 0.00; 0.0000; 0.0000; 0.0000; 1.0000; 0.0000; 0.0000; 0.00; 0.00; 0.00; 0.00; 0.00; 0.00; 22.03; 0.31; 9.76; 21
386; 0.0000; 0.0000; 0.0000; 0.0000; 0.5063;      0;      0;      0; 0.00; 0.00; 0.00; 0.00; 0.00; 0.00; 0.0000; 0.0000; 0.0000; 1.0000; 0.0000; 0.0000; 0.00; 0.00; 0.00; 0.00; 0.00; 0.00; 22.03; 0.31; 9.76; 21
387; 0.0000; 0.0000; 0.0000; 0.0000; 0.5063;      0;      0;      0; 0.00; 0.00; 0.00; 0.00; 0.00; 0.00; 0.0000; 0.0000; 0.0000; 1.0000; 0.0000; 0.0000; 0.00; 0.00; 0.00; 0.00; 0.00; 0.00; 22.03; 0.31; 9.76; 21
388; 0.0000; 0.0000; 0.0000; 0.0000; 0.5063;      0;      0;      0; 0.00; 0.00; 0.00; 0.00; 0.00; 0.00; 0.0000; 0.0000; 0.0000; 1.0000; 0.0000; 0.0000; 0.00; 0.00; 0.00; 0.00; 0.00; 0.00; 22.03; 0.31; 9.76; 21
389; 0.0000; 0.0000; 0.0000; 0.0000; 0.5063;      0;      0;      0; 0.00; 0.00; 0.00; 0.00; 0.00; 0.00; 0.0000; 0.0000; 0.0000; 1.0000; 0.0000; 0.0000; 0.00; 0.00; 0.00; 0.00; 0.00; 0.00; 22.03; 0.31; 9.76; 21
390; 0.0000; 0.0000; 0.0000; 0.0000; 0.5063;      0;      0;      0; 0.00; 0.00; 0.00; 0.00; 0.00; 0.00; 0.0000; 0.0000; 0.0000; 1.0000; 0.0000; 0.0000; 0.00; 0.00; 0.00; 0.00; 0.00; 0.00; 22.03; 0.31; 9.76; 21
391; 0.0000; 0.0000; 0.0000; 0.0000; 0.5063;      0;      0;      0; 0.00; 0.00; 0.00; 0.00; 0.00; 0.00; 0.0000; 0.0000; 0.0000; 1.0000; 0.0000; 0.0000; 0.00; 0.00; 0.00; 0.00; 0.00; 0.00; 22.03; 0.31; 9.76; 21
392; 0.0000; 0.0000; 0.0000; 0.0000; 0.5063;      0;      0;      0; 0.00; 0.00; 0.00; 0.00; 0.00; 0.00; 0.0000; 0.0000; 0.0000; 1.0000; 0.0000; 0.0000; 0.00; 0.00; 0.00; 0.00; 0.00; 0.00; 22.03; 0.31; 9.76; 21
393; 0.0000; 0.0000; 0.0000; 0.0000; 0.5063;      0;      0;      0; 0.00; 0.00; 0.00; 0.00; 0.00; 0.00; 0.0000; 0.0000; 0.0000; 1.0000; 0.0000; 0.0000; 0.00; 0.00; 0.00; 0.00; 0.00; 0.00; 22.03; 0.31; 9.76; 21
394; 0.0000; 0.0000; 0.0000; 0.0000; 0.5063;      0;      0;      0; 0.00; 0.00; 0.00; 0.00; 0.00; 0.00; 0.0000; 0.0000; 0.0000; 1.0000; 0.0000; 0.0000; 0.00; 0.00; 0.00; 0.00; 0.00; 0.00; 22.03; 0.31; 9.76; 21
395; 0.0000; 0.0000; 0.0000; 0.0000; 0.5063;      0;      0;      0; 0.00; 0.00; 0.00; 0.00; 0.00; 0.00; 0.0000; 0.0000; 0.0000; 1.0000; 0.0000; 0.0000; 0.00; 0.00; 0.00; 0.00; 0.00; 0.00; 22.03; 0.31; 9.76; 21
396; 0.0000; 0.0000; 0.0000; 0.0000; 0.5063;      0;      0;      0; 0.00; 0.00; 0.00; 0.00; 0.00; 0.00; 0.0000; 0.0000; 0.0000; 1.0000; 0.0000; 0.0000; 0.00; 0.00; 0.00; 0.00; 0.00; 0.00; 22.03; 0.31; 9.76; 21
397; 0.0000; 0.0000; 0.0000; 0.0000; 0.5063;      0;      0;      0; 0.00; 0.00; 0.00; 0.00; 0.00; 0.00; 0.0000; 0.0000; 0.0000; 1.0000; 0.0000; 0.0000; 0.00; 0.00; 0.00; 0.00; 0.00; 0.00; 22.03; 0.31; 9.76; 21
398; 0.0000; 0.0000; 0.0000; 0.0000; 0.5063;      0;      0;      0; 0.00; 0.00; 0.00; 0.00; 0.00; 0.00; 0.0000; 0.0000; 0.0000; 1.0000; 0.0000; 0.0000; 0.00; 0.00; 0.00; 0.00; 0.00; 0.00; 22.03; 0.31; 9.76; 21
399; 0.0000; 0.0000; 0.0000; 0.0000; 0.5063;      0;      0;      0; 0.00; 0.00; 0.00; 0.00; 0.00; 0.00; 0.0000; 0.0000; 0.0000; 1.0000; 0.0000; 0.0000; 0.00; 0.00; 0.00; 0.00; 0.00; 0.00; 22.03; 0.31; 9.76; 21
400; 0.0000; 0.0000; 0.0000; 0.0000; 0.5063;      0;      0;      0; 0.00; 0.00; 0.00; 0.00; 0.00; 0.00; 0.0000; 0.0000; 0.0000; 1.0000; 0.0000; 0.0000; 0.00; 0.00; 0.00; 0.00; 0.00; 0.00; 22.03; 0.31; 9.76; 21
